================================================================================ 
RSO 1 0.2575 0.21 0.21 0.21 0.21 0.21 0.21 0.21 0.21 
EGO 1 0.2575 0.21 0.21 0.21 0.21 0.2075 0.2075 0.2025 0.2025 
TREGO 1 0.2575 0.2275 0.2125 0.2075 0.2075 0.2075 0.2075 0.1925 0.1725 
RSO 2 0.4925 0.4 0.4 0.255 0.235 0.2075 0.205 0.205 0.205 
EGO 2 0.4925 0.49 0.49 0.49 0.49 0.49 0.255 0.255 0.255 
TREGO 2 0.4925 0.3975 0.22 0.22 0.22 0.22 0.22 0.215 0.215 
RSO 3 0.245 0.245 0.24 0.215 0.215 0.215 0.215 0.215 0.2075 
EGO 3 0.245 0.245 0.245 0.2225 0.2225 0.2225 0.2225 0.2025 0.2025 
TREGO 3 0.245 0.22 0.2125 0.2125 0.2125 0.205 0.205 0.2 0.2 
RSO 4 0.74 0.7275 0.255 0.225 0.225 0.215 0.2125 0.1975 0.1975 
EGO 4 0.74 0.24 0.23 0.23 0.23 0.205 0.205 0.205 0.205 
TREGO 4 0.74 0.74 0.2175 0.2175 0.2175 0.21 0.21 0.21 0.2025 
RSO 5 0.645 0.4675 0.42 0.42 0.42 0.42 0.42 0.42 0.42 
EGO 5 0.645 0.2925 0.23 0.23 0.23 0.2225 0.2075 0.2075 0.2075 
TREGO 5 0.645 0.325 0.2275 0.2275 0.19 0.19 0.19 0.19 0.19 
RSO 6 0.2425 0.24 0.2225 0.22 0.1975 0.1975 0.1975 0.1975 0.1975 
EGO 6 0.2425 0.2075 0.2075 0.2075 0.2075 0.2075 0.2075 0.2075 0.2075 
TREGO 6 0.2425 0.2425 0.205 0.205 0.205 0.205 0.205 0.205 0.205 
RSO 7 0.2275 0.2275 0.2275 0.2275 0.2025 0.2025 0.2025 0.2025 0.2025 
EGO 7 0.2275 0.225 0.2075 0.2 0.2 0.2 0.2 0.1975 0.195 
TREGO 7 0.2275 0.2275 0.205 0.205 0.205 0.205 0.205 0.205 0.205 
RSO 8 0.2375 0.22 0.22 0.21 0.205 0.205 0.205 0.205 0.205 
EGO 8 0.2375 0.2025 0.2025 0.2025 0.2025 0.2025 0.2025 0.2025 0.2025 
TREGO 8 0.2375 0.2275 0.2275 0.2275 0.2275 0.2275 0.225 0.225 0.225 
RSO 9 0.225 0.225 0.225 0.2125 0.2125 0.2125 0.2125 0.2125 0.2025 
EGO 9 0.225 0.22 0.2175 0.2175 0.2175 0.2175 0.215 0.215 0.215 
TREGO 9 0.225 0.215 0.215 0.215 0.2075 0.2025 0.2025 0.1975 0.1975 
RSO 10 0.26 0.2425 0.2425 0.2425 0.2425 0.2375 0.205 0.205 0.205 
EGO 10 0.26 0.255 0.255 0.23 0.225 0.225 0.2125 0.2125 0.2125 
TREGO 10 0.26 0.2125 0.2125 0.2125 0.21 0.205 0.205 0.205 0.205 
RSO 11 0.245 0.2325 0.2025 0.2025 0.2025 0.2025 0.2025 0.2025 0.2 
EGO 11 0.245 0.2325 0.2325 0.2325 0.2325 0.2325 0.23 0.23 0.22 
TREGO 11 0.245 0.235 0.235 0.2225 0.215 0.215 0.21 0.2025 0.2025 
RSO 12 0.74 0.74 0.2275 0.2275 0.19 0.19 0.19 0.19 0.19 
EGO 12 0.74 0.74 0.2275 0.2275 0.2275 0.2275 0.2275 0.2275 0.2275 
TREGO 12 0.74 0.74 0.7325 0.7325 0.73 0.73 0.7225 0.7225 0.71 
RSO 13 0.24 0.2275 0.2275 0.2225 0.21 0.21 0.21 0.21 0.21 
EGO 13 0.24 0.2375 0.2375 0.2375 0.21 0.2025 0.2025 0.2025 0.2025 
TREGO 13 0.24 0.2225 0.2075 0.2075 0.2075 0.2 0.2 0.2 0.2 
RSO 14 0.3 0.1925 0.1925 0.1925 0.1925 0.1925 0.1925 0.1925 0.1925 
EGO 14 0.3 0.205 0.205 0.205 0.205 0.205 0.205 0.205 0.2025 
TREGO 14 0.3 0.21 0.21 0.21 0.21 0.21 0.21 0.21 0.21 
RSO 15 0.2375 0.2375 0.215 0.2125 0.2125 0.2025 0.2 0.2 0.2 
EGO 15 0.2375 0.235 0.2075 0.2075 0.2075 0.2075 0.1925 0.1925 0.1925 
TREGO 15 0.2375 0.2325 0.2075 0.205 0.2025 0.2025 0.2025 0.2025 0.2025 
