RSO 1 0.95925 0.95925 0.9625 0.9625 0.9625 0.9625 0.9625 0.96125 0.96125 
EGO 1 0.95925 0.95925 0.96725 0.9685 0.9685 0.9685 0.9685 0.9685 0.9685 
TREGO 1 0.95925 0.96425 0.96425 0.96425 0.96425 0.96425 0.96425 0.9645 0.9645 
RSO 2 0.9625 0.9625 0.9625 0.9625 0.9625 0.9625 0.9625 0.9625 0.9625 
EGO 2 0.9625 0.9685 0.9685 0.9685 0.9685 0.9685 0.9685 0.97 0.97 
TREGO 2 0.9625 0.95975 0.95975 0.95975 0.95975 0.95975 0.95975 0.95975 0.96025 
RSO 3 0.95725 0.959 0.959 0.959 0.96125 0.9615 0.9655 0.9655 0.964 
EGO 3 0.95725 0.95725 0.959 0.967 0.967 0.967 0.967 0.967 0.96875 
TREGO 3 0.95725 0.958 0.9635 0.9635 0.96775 0.96775 0.96775 0.96775 0.96775 
RSO 4 0.95925 0.95925 0.95925 0.95925 0.95925 0.95925 0.95925 0.959 0.959 
EGO 4 0.95925 0.95925 0.95925 0.95925 0.9645 0.9645 0.9645 0.9645 0.9645 
TREGO 4 0.95925 0.9655 0.9655 0.96875 0.96875 0.965 0.965 0.965 0.965 
RSO 5 0.96125 0.96125 0.96125 0.96125 0.96825 0.96825 0.96825 0.96825 0.96925 
EGO 5 0.96125 0.96125 0.96125 0.97 0.97 0.97 0.97 0.9695 0.9685 
TREGO 5 0.96125 0.96575 0.97 0.97 0.97 0.97 0.97 0.96825 0.96825 
RSO 6 0.959 0.959 0.959 0.959 0.959 0.959 0.959 0.959 0.959 
EGO 6 0.959 0.959 0.959 0.9635 0.9635 0.9655 0.9655 0.9655 0.9655 
TREGO 6 0.959 0.9685 0.9685 0.9685 0.9685 0.9685 0.9685 0.9685 0.9685 
RSO 7 0.95975 0.95975 0.95975 0.95975 0.95975 0.95975 0.95975 0.95975 0.96325 
EGO 7 0.95975 0.95975 0.95975 0.95975 0.9655 0.9655 0.9645 0.9645 0.9645 
TREGO 7 0.95975 0.95975 0.965 0.965 0.965 0.971 0.971 0.971 0.971 
RSO 8 0.96725 0.96725 0.96725 0.96725 0.96775 0.96775 0.96775 0.96775 0.96775 
EGO 8 0.96725 0.96725 0.96725 0.96725 0.96825 0.96825 0.96825 0.96825 0.96825 
TREGO 8 0.96725 0.96725 0.96725 0.96725 0.96725 0.96725 0.96725 0.96725 0.96725 
RSO 9 0.96525 0.96525 0.96525 0.96525 0.96525 0.96525 0.96525 0.96525 0.96025 
EGO 9 0.96525 0.96525 0.96525 0.96525 0.96525 0.96525 0.96525 0.96525 0.96525 
TREGO 9 0.96525 0.96525 0.96525 0.96525 0.96525 0.964 0.964 0.964 0.964 
RSO 10 0.9575 0.95675 0.95825 0.95825 0.95825 0.9595 0.96825 0.96825 0.96825 
EGO 10 0.9575 0.9575 0.9565 0.9565 0.9565 0.9585 0.9585 0.9585 0.96225 
TREGO 10 0.9575 0.957 0.957 0.95725 0.95675 0.95925 0.95925 0.96875 0.96875 
RSO 11 0.9595 0.9595 0.965 0.964 0.9685 0.9685 0.9685 0.9685 0.9685 
EGO 11 0.9595 0.966 0.966 0.96275 0.96275 0.9695 0.9695 0.9695 0.9695 
TREGO 11 0.9595 0.96675 0.96675 0.96675 0.96675 0.96675 0.96675 0.96675 0.96675 
RSO 12 0.959 0.959 0.959 0.9595 0.96775 0.96775 0.96775 0.96775 0.96775 
EGO 12 0.959 0.959 0.959 0.959 0.959 0.959 0.9645 0.96875 0.96875 
TREGO 12 0.959 0.95925 0.95925 0.95925 0.95925 0.95925 0.95925 0.95925 0.96525 
RSO 13 0.957 0.95975 0.96475 0.96875 0.96875 0.96875 0.96875 0.96875 0.96875 
EGO 13 0.957 0.96925 0.96925 0.96925 0.96925 0.967 0.967 0.967 0.967 
TREGO 13 0.957 0.957 0.957 0.96675 0.96675 0.96675 0.96675 0.96675 0.9655 
RSO 14 0.96475 0.96475 0.96475 0.96475 0.96475 0.96475 0.96475 0.96475 0.96475 
EGO 14 0.96475 0.96425 0.96425 0.96875 0.96875 0.96875 0.96875 0.96875 0.96875 
TREGO 14 0.96475 0.96475 0.96475 0.96475 0.96475 0.96475 0.96475 0.96475 0.96475 
RSO 15 0.96825 0.96875 0.96875 0.96875 0.96875 0.96875 0.96875 0.96875 0.96875 
EGO 15 0.96825 0.96475 0.968 0.968 0.968 0.968 0.968 0.968 0.968 
TREGO 15 0.96825 0.96825 0.96675 0.96675 0.96675 0.96675 0.96875 0.96875 0.96875 
