================================================================================ 
RSO 1 12.11696 1.10951 1.02995 1.02995 1.02995 1.02995 1.02995 1.02995 1.02995 0.3063155 0.3063155 0.3063155 0.3063155 0.1225152 0.1225152 0.1225152 0.1225152 0.1225152 0.1225152 
EGO 1 12.11696 7.807975 7.807975 1.967836 1.967836 1.967836 1.967836 1.967836 1.967836 1.967836 1.967836 1.967836 1.967836 1.278519 1.278519 1.278519 1.278519 1.278519 1.278519 
TREGO 1 12.11696 4.837444 4.837444 4.837444 4.837444 3.297133 3.297133 3.297133 2.777632 2.777632 2.777632 0.03597846 0.03597846 0.03597846 0.03597846 0.03597846 0.03597846 0.03597846 0.03597846 
RSO 2 4.288251 4.288251 3.842822 3.069517 3.069517 1.287109 1.287109 1.287109 1.287109 0.2561546 0.2561546 0.2561546 0.08243336 0.08243336 0.08243336 0.08243336 0.07830166 0.07830166 0.07830166 
EGO 2 4.288251 4.288251 4.288251 3.584318 3.584318 2.911788 2.911788 0.04206532 0.04206532 0.04206532 0.04206532 0.04206532 0.04206532 0.04206532 0.04206532 0.04206532 0.04206532 0.04206532 0.04206532 
TREGO 2 4.288251 3.529452 3.529452 3.529452 3.529452 3.529452 3.529452 1.210747 1.210747 0.8229583 0.03547493 0.03547493 0.03547493 0.03547493 0.03547493 0.03547493 0.03547493 0.03547493 0.03547493 
RSO 3 0.3917863 0.3917863 0.3917863 0.3917863 0.3917863 0.3917863 0.3917863 0.3917863 0.3917863 0.3917863 0.3917863 0.3917863 0.3917863 0.1903085 0.1903085 0.1903085 0.1903085 0.1903085 0.1903085 
EGO 3 0.3917863 0.3917863 0.3917863 0.3917863 0.3917863 0.3917863 0.1189293 0.1189293 0.1189293 0.1189293 0.1189293 0.1189293 0.1189293 0.1189293 0.1189293 0.1189293 0.1189293 0.1189293 0.1189293 
TREGO 3 0.3917863 0.3917863 0.3917863 0.3917863 0.3917863 0.3917863 0.3917863 0.3917863 0.3917863 0.3917863 0.3917863 0.3917863 0.3917863 0.3917863 0.3917863 0.3917863 0.3917863 0.3917863 0.3917863 
RSO 4 14.79086 4.993854 0.3502477 0.3502477 0.3502477 0.3502477 0.3502477 0.3502477 0.3502477 0.3502477 0.3502477 0.3502477 0.3502477 0.3502477 0.3502477 0.3502477 0.3502477 0.2817131 0.2817131 
EGO 4 14.79086 4.993816 4.993816 1.347702 0.3867058 0.3867058 0.3867058 0.3867058 0.3867058 0.3867058 0.3867058 0.3867058 0.3867058 0.3867058 0.3867058 0.3867058 0.3867058 0.3867058 0.3867058 
TREGO 4 14.79086 4.993802 0.5004647 0.5004647 0.5004647 0.5004647 0.5004647 0.5004647 0.5004647 0.5004647 0.5004647 0.5004647 0.5004647 0.5004647 0.5004647 0.5004647 0.1730486 0.1730486 0.1730486 
RSO 5 5.072641 1.950837 1.950837 1.950837 1.950837 1.072017 1.072017 1.072017 1.072017 1.072017 1.072017 1.072017 1.072017 0.3250787 0.3250787 0.3250787 0.3250787 0.3250787 0.3250787 
EGO 5 5.072641 5.072641 3.587932 3.587932 3.587932 3.382055 3.382055 3.382055 3.382055 3.382055 3.382055 3.382055 3.382055 1.330014 0.2470284 0.2470284 0.2470284 0.2470284 0.2470284 
TREGO 5 5.072641 2.159993 2.159993 2.159993 2.159993 2.159993 2.159993 1.86374 1.86374 1.86374 1.86374 1.86374 1.86374 0.2751739 0.2751739 0.2751739 0.2751739 0.2751739 0.2751739 
RSO 6 14.00344 12.06165 0.6526334 0.6526334 0.6526334 0.6526334 0.6526334 0.1068642 0.1068642 0.1068642 0.1068642 0.1068642 0.1068642 0.1068642 0.01799429 0.01799429 0.01799429 0.01799429 0.01799429 
EGO 6 14.00344 12.06162 12.06162 12.06162 1.30558 1.30558 1.30558 0.8071292 0.8071292 0.8071292 0.8071292 0.8071292 0.8071292 0.8071292 0.8071292 0.8071292 0.0517547 0.0517547 0.0517547 
TREGO 6 14.00344 1.165073 0.05734883 0.05734883 0.05734883 0.05734883 0.05734883 0.05734883 0.05734883 0.05734883 0.05734883 0.05734883 0.05734883 0.05734883 0.05734883 0.05734883 0.05734883 0.05734883 0.05734883 
RSO 7 2.647591 2.647591 0.8166128 0.1657255 0.1657255 0.1657255 0.1657255 0.1657255 0.1657255 0.1657255 0.1657255 0.1657255 0.1657255 0.1657255 0.1657255 0.1657255 0.1657255 0.1657255 0.1657255 
EGO 7 2.647591 2.647591 2.505436 2.505436 2.505436 2.505436 2.505436 1.471055 1.471055 1.471055 1.471055 1.471055 0.1408804 0.1408804 0.1408804 0.1408804 0.1408804 0.1408804 0.1408804 
TREGO 7 2.647591 2.647591 2.647591 2.647591 2.647591 2.647591 1.080162 1.080162 1.080162 1.080162 1.080162 1.080162 1.080162 1.080162 1.080162 1.080162 1.080162 0.02213348 0.02213348 
RSO 8 2.740508 2.740508 2.740508 2.740508 2.740508 2.740508 2.740508 2.319508 0.2287966 0.2287966 0.2287966 0.2287966 0.2287966 0.2287966 0.2287966 0.2287966 0.2287966 0.2287966 0.2287966 
EGO 8 2.740508 2.740508 0.7713331 0.7713331 0.3890422 0.3890422 0.3890422 0.3890422 0.3890422 0.3890422 0.3890422 0.3890422 0.3890422 0.3890422 0.3890422 0.3890422 0.3890422 0.3890422 0.3890422 
TREGO 8 2.740508 2.740508 0.09568007 0.09568007 0.09568007 0.09568007 0.09568007 0.09568007 0.09568007 0.09568007 0.09568007 0.09568007 0.09568007 0.09568007 0.09568007 0.09568007 0.09568007 0.09568007 0.09568007 
RSO 9 2.358162 2.08857 1.525375 1.525375 1.525375 1.525375 1.525375 0.4337273 0.4337273 0.4337273 0.4337273 0.4337273 0.4337273 0.4337273 0.4337273 0.4337273 0.4337273 0.4337273 0.4337273 
EGO 9 2.358162 2.358162 2.358162 0.9065031 0.9065031 0.9065031 0.9065031 0.9065031 0.9065031 0.9065031 0.9065031 0.9065031 0.9065031 0.9065031 0.9065031 0.5731003 0.5731003 0.45678 0.45678 
TREGO 9 2.358162 2.358162 2.358162 0.06808231 0.06808231 0.06808231 0.06808231 0.06808231 0.06808231 0.06808231 0.06808231 0.06808231 0.06808231 0.06808231 0.06808231 0.06808231 0.06808231 0.06808231 0.06808231 
RSO 10 1.439663 1.439663 1.439663 1.439663 1.439663 0.2004281 0.2004281 0.2004281 0.2004281 0.2004281 0.2004281 0.2004281 0.2004281 0.2004281 0.2004281 0.2004281 0.2004281 0.2004281 0.2004281 
EGO 10 1.439663 1.439663 1.439663 1.439663 1.439663 0.1739961 0.1739961 0.1739961 0.1739961 0.1739961 0.1739961 0.1739961 0.1739961 0.1739961 0.1739961 0.1739961 0.1739961 0.1739961 0.1739961 
TREGO 10 1.439663 1.439663 1.439663 1.439663 1.439663 0.0410454 0.0410454 0.0410454 0.0410454 0.0410454 0.0410454 0.0410454 0.0410454 0.0410454 0.0410454 0.0410454 0.0410454 0.0410454 0.0410454 
RSO 11 24.79932 17.91696 5.766182 4.097407 4.097407 4.097407 0.0531198 0.0531198 0.0531198 0.0531198 0.0531198 0.0531198 0.0531198 0.0531198 0.0531198 0.0531198 0.00312014 0.00312014 0.00312014 
EGO 11 24.79932 17.91696 9.917349 0.7131302 0.7131302 0.7131302 0.7131302 0.7131302 0.1043778 0.003943573 0.003943573 0.003943573 0.003943573 0.003943573 0.003943573 0.003943573 0.003943573 0.003943573 0.003943573 
TREGO 11 24.79932 13.82393 10.7879 10.7879 1.949761 1.949761 1.949761 0.4740104 0.4740104 0.4740104 0.4740104 0.4740104 0.4740104 0.4740104 0.4740104 0.4740104 0.4740104 0.4740104 0.4740104 
RSO 12 14.8475 1.616754 1.616754 1.616754 1.616754 1.616754 1.616754 1.616754 1.616754 1.616754 1.616754 1.340819 1.340819 0.8125426 0.8125426 0.8125426 0.8125426 0.8125426 0.8125426 
EGO 12 14.8475 1.616758 1.479115 1.479115 1.479115 0.3041319 0.3041319 0.3041319 0.2476553 0.0009251503 0.0009251503 0.0009251503 0.0009251503 0.0009251503 0.0009251503 0.0009251503 0.0009251503 0.0009251503 0.0009251503 
TREGO 12 14.8475 2.754124 2.754124 2.754124 2.754124 2.754124 0.1081938 0.1081938 0.1081938 0.1081938 0.1081938 0.02374933 0.02374933 0.02374933 0.02374933 0.02374933 0.02374933 0.02374933 0.02374933 
RSO 13 2.207951 2.207951 2.207951 2.207951 2.207951 2.207951 2.207951 2.207951 2.207951 2.207951 2.207951 1.354055 1.354055 1.354055 1.354055 1.354055 1.354055 1.354055 1.354055 
EGO 13 2.207951 2.207951 2.207951 2.207951 2.207951 2.207951 0.5004805 0.5004805 0.5004805 0.5004805 0.5004805 0.5004805 0.5004805 0.5004805 0.5004805 0.5004805 0.5004805 0.09110071 0.09110071 
TREGO 13 2.207951 2.207951 2.207951 2.207951 2.207951 2.207951 2.207951 2.207951 2.207951 1.094137 1.094137 1.094137 1.094137 0.3826279 0.01184321 0.01184321 0.01184321 0.01184321 0.01184321 
RSO 14 0.9865407 0.9865407 0.6092731 0.6092731 0.6092731 0.6092731 0.6092731 0.6092731 0.6092731 0.6092731 0.6092731 0.6092731 0.6092731 0.6092731 0.6092731 0.6092731 0.6092731 0.6092731 0.6092731 
EGO 14 0.9865407 0.9865407 0.9865407 0.2269335 0.2269335 0.2269335 0.2269335 0.2269335 0.2269335 0.2269335 0.2269335 0.2269335 0.2269335 0.2269335 0.2269335 0.2269335 0.2269335 0.2269335 0.2269335 
TREGO 14 0.9865407 0.9865407 0.9865407 0.6825274 0.6825274 0.6825274 0.6825274 0.6825274 0.6825274 0.6825274 0.6825274 0.6825274 0.6825274 0.6825274 0.6825274 0.6825274 0.6825274 0.6825274 0.6825274 
RSO 15 6.103934 6.103934 6.097567 1.896722 1.896722 1.896722 1.896722 0.08217872 0.08217872 0.08217872 0.08217872 0.08217872 0.08217872 0.08217872 0.08217872 0.08217872 0.08217872 0.08217872 0.08217872 
EGO 15 6.103934 6.103934 6.09907 6.09907 1.958679 1.958679 0.2893179 0.2893179 0.2893179 0.2893179 0.2893179 0.2893179 0.2893179 0.2893179 0.2893179 0.2893179 0.2893179 0.2893179 0.2893179 
TREGO 15 6.103934 6.103934 6.103934 0.1601631 0.1601631 0.1601631 0.1601631 0.1601631 0.1601631 0.1601631 0.1601631 0.1601631 0.1601631 0.1601631 0.1601631 0.1601631 0.1601631 0.1601631 0.1601631 
RSO 16 19.76009 3.738576 2.696826 1.163268 0.5790555 0.5790555 0.5790555 0.5790555 0.5790555 0.5790555 0.5790555 0.5790555 0.5790555 0.5790555 0.5790555 0.5790555 0.5790555 0.5790555 0.5790555 
EGO 16 19.76009 2.227311 1.031986 0.9902823 0.9902823 0.03313458 0.03313458 0.03313458 0.03313458 0.03313458 0.03313458 0.03313458 0.03313458 0.03313458 0.03313458 0.03313458 0.016169 0.016169 0.016169 
TREGO 16 19.76009 2.571175 2.571175 2.571175 2.571175 2.571175 2.571175 2.144838 2.144838 2.144838 2.144838 0.50822 0.50822 0.50822 0.50822 0.50822 0.345767 0.345767 0.345767 
RSO 17 0.05913308 0.05913308 0.05913308 0.05913308 0.05913308 0.05913308 0.05913308 0.05913308 0.05913308 0.05913308 0.05913308 0.05913308 0.05913308 0.05913308 0.05913308 0.05913308 0.05913308 0.05913308 0.05913308 
EGO 17 0.05913308 0.05913308 0.05913308 0.05913308 0.05913308 0.05913308 0.05913308 0.05913308 0.05913308 0.05913308 0.05913308 0.05913308 0.05913308 0.05913308 0.05913308 0.05913308 0.05913308 0.01042931 0.01042931 
TREGO 17 0.05913308 0.05913308 0.05913308 0.05913308 0.05913308 0.05913308 0.05913308 0.05913308 0.05913308 0.05913308 0.05913308 0.05913308 0.05913308 0.05913308 0.05913308 0.05913308 0.05913308 0.05913308 0.05913308 
RSO 18 3.884532 3.884532 2.983643 1.312884 1.312884 1.312884 1.312884 1.312884 1.312884 0.1646516 0.1646516 0.1646516 0.1024462 0.04238043 0.04238043 0.04238043 0.04238043 0.04238043 0.04238043 
EGO 18 3.884532 3.884532 2.983642 2.983642 1.487658 1.487658 0.4476695 0.4476695 0.4476695 0.4476695 0.4476695 0.1626455 0.1626455 0.1626455 0.1626455 0.1626455 0.1626455 0.1626455 0.1626455 
TREGO 18 3.884532 3.884532 3.884532 3.884532 1.468158 1.468158 0.2542438 0.06635047 0.06635047 0.06635047 0.06635047 0.06635047 0.06635047 0.06635047 0.06635047 0.06635047 0.06537317 0.06537317 0.06537317 
RSO 19 3.675876 3.675876 3.675876 3.675876 0.6856389 0.6856389 0.6856389 0.6856389 0.6856389 0.6856389 0.6856389 0.6856389 0.6856389 0.6856389 0.6856389 0.6856389 0.6856389 0.2366809 0.2321492 
EGO 19 3.675876 3.675876 0.6728179 0.6728179 0.6728179 0.02853301 0.02853301 0.02853301 0.02853301 0.02853301 0.02853301 0.02853301 0.02853301 0.02853301 0.02853301 0.02853301 0.02853301 0.02853301 0.02853301 
TREGO 19 3.675876 3.675876 0.5823866 0.5823866 0.06126 0.06126 0.06126 0.06126 0.06126 0.06126 0.06126 0.06126 0.06126 0.06126 0.06126 0.06126 0.06126 0.06126 0.06126 
RSO 20 19.91175 2.705001 2.705001 2.705001 2.705001 2.705001 2.705001 2.705001 2.705001 2.705001 2.705001 2.705001 1.634086 1.634086 0.8306109 0.8306109 0.150589 0.08089027 0.08089027 
EGO 20 19.91175 13.52287 13.52287 13.52287 4.540884 0.06387656 0.06387656 0.06387656 0.06387656 0.06387656 0.06387656 0.06387656 0.06387656 0.06387656 0.06387656 0.06387656 0.06387656 0.06387656 0.06387656 
TREGO 20 19.91175 1.38523 1.38523 0.1404021 0.1404021 0.1404021 0.1404021 0.1052716 0.1052716 0.1052716 0.09547005 0.09547005 0.09547005 0.09547005 0.09547005 0.09547005 0.09547005 0.09547005 0.09547005 
