RSO 1 2.008902 2.008902 0.07897112 0.008814584 0.0001974022 0.0001974022 5.298255e-05 5.298255e-05 5.298255e-05 5.298255e-05 5.298255e-05 5.298255e-05 5.298255e-05 5.298255e-05 5.298255e-05 5.298255e-05 5.298255e-05 5.298255e-05 5.298255e-05 
EGO 1 2.008902 1.415218 0.05858656 0.01555675 0.0004005699 0.0004005699 0.0004005699 0.0004005699 2.203848e-06 2.203848e-06 2.203848e-06 2.203848e-06 2.203848e-06 2.203848e-06 2.203848e-06 2.203848e-06 2.203848e-06 2.203848e-06 2.203848e-06 
TREGO 1 2.008902 2.008902 0.120342 0.04892395 0.001404349 0.001404349 2.190969e-05 1.600886e-06 1.600886e-06 4.649877e-07 4.649877e-07 3.786692e-07 3.700874e-07 3.602757e-07 3.602757e-07 3.602757e-07 3.602757e-07 3.602757e-07 3.602757e-07 
RSO 2 0.7324477 0.7324477 9.522711e-05 9.522711e-05 9.522711e-05 9.522711e-05 9.522711e-05 9.522711e-05 9.522711e-05 9.522711e-05 9.522711e-05 9.522711e-05 9.522711e-05 9.522711e-05 9.522711e-05 9.522711e-05 9.522711e-05 9.522711e-05 9.522711e-05 
EGO 2 0.7324477 0.7324477 0.441477 0.001014582 8.621478e-05 8.621478e-05 8.621478e-05 8.621478e-05 8.621478e-05 8.621478e-05 8.621478e-05 8.621478e-05 8.621478e-05 8.621478e-05 8.621478e-05 8.621478e-05 8.621478e-05 8.621478e-05 8.621478e-05 
TREGO 2 0.7324477 0.7324477 0.006987795 0.006987795 0.006987795 0.006987795 8.384702e-05 1.475816e-06 1.475816e-06 9.582349e-07 9.582349e-07 9.582349e-07 9.081481e-07 9.081481e-07 3.988998e-07 3.988998e-07 3.758358e-07 3.758358e-07 3.734811e-07 
RSO 3 3.54907 1.639022 0.0003602615 1.138282e-05 1.032079e-05 1.032079e-05 1.032079e-05 1.032079e-05 1.032079e-05 1.032079e-05 1.032079e-05 1.032079e-05 1.032079e-05 1.032079e-05 1.032079e-05 1.032079e-05 1.032079e-05 1.032079e-05 1.032079e-05 
EGO 3 3.54907 1.724731 0.02995612 0.003972098 0.0006844168 9.757077e-05 9.757077e-05 9.757077e-05 9.757077e-05 9.757077e-05 3.172538e-05 3.172538e-05 3.172538e-05 3.172538e-05 3.172538e-05 3.172538e-05 3.172538e-05 3.172538e-05 3.172538e-05 
TREGO 3 3.54907 1.636262 0.06035744 8.746525e-05 8.746525e-05 8.746525e-05 1.53551e-06 1.53551e-06 1.53551e-06 1.53551e-06 3.717669e-07 3.717669e-07 3.717669e-07 3.717669e-07 3.717669e-07 3.717669e-07 3.717669e-07 3.717669e-07 3.717669e-07 
RSO 4 5.638701 1.034884 0.0001267525 0.0001267525 0.0001267525 0.0001267525 0.0001267525 0.0001267525 0.0001267525 0.0001267525 0.0001267525 0.0001267525 4.256309e-05 4.256309e-05 4.256309e-05 2.715801e-05 2.715801e-05 2.715801e-05 2.715801e-05 
EGO 4 5.638701 1.034879 0.01083415 0.0009648398 0.0009648398 7.929479e-05 7.929479e-05 7.929479e-05 7.929479e-05 7.929479e-05 7.929479e-05 7.929479e-05 7.929479e-05 7.929479e-05 7.929479e-05 7.929479e-05 7.929479e-05 7.929479e-05 7.929479e-05 
TREGO 4 5.638701 0.01834424 0.01834424 0.0003217643 0.0003217643 6.116321e-07 6.116321e-07 6.116321e-07 6.116321e-07 4.713165e-07 3.944063e-07 3.916621e-07 3.768453e-07 3.768453e-07 3.623411e-07 3.623411e-07 3.623411e-07 3.623411e-07 3.623411e-07 
RSO 5 1.180152 1.180152 0.1357303 0.002841671 0.002841671 0.002709337 0.002709337 5.50146e-05 5.50146e-05 5.50146e-05 5.50146e-05 5.50146e-05 5.50146e-05 5.50146e-05 5.50146e-05 5.50146e-05 5.50146e-05 5.50146e-05 5.50146e-05 
EGO 5 1.180152 1.180152 0.1357204 0.03057715 0.002494575 0.0004485377 0.0001107642 0.0001107642 0.0001107642 0.0001107642 0.0001107642 0.0001107642 0.0001107642 0.0001107642 0.0001107642 0.0001107642 0.0001107642 0.0001107642 0.0001107642 
TREGO 5 1.180152 1.180152 0.009944172 1.084005e-05 1.084005e-05 1.084005e-05 6.240478e-07 6.240478e-07 5.232527e-07 5.232527e-07 5.232527e-07 5.232527e-07 5.232527e-07 5.232527e-07 5.232527e-07 5.232527e-07 5.232527e-07 5.232527e-07 5.232527e-07 
RSO 6 0.8640791 0.8640791 0.8640791 0.002097158 0.000797412 0.000797412 0.000797412 0.000797412 0.000797412 4.499067e-05 4.499067e-05 4.499067e-05 4.499067e-05 4.499067e-05 4.499067e-05 4.499067e-05 4.499067e-05 4.499067e-05 4.499067e-05 
EGO 6 0.8640791 0.8640791 0.8640791 0.002708985 0.002708985 0.0003355285 0.0002524552 0.0002524552 1.061725e-06 1.061725e-06 1.061725e-06 1.061725e-06 1.061725e-06 1.061725e-06 1.061725e-06 1.061725e-06 1.061725e-06 1.061725e-06 1.061725e-06 
TREGO 6 0.8640791 0.8640791 0.3745129 0.009750357 4.217107e-05 4.217107e-05 4.217107e-05 1.570536e-06 1.570536e-06 1.232018e-06 1.232018e-06 4.318394e-07 4.318394e-07 3.612229e-07 3.612229e-07 3.612229e-07 3.612229e-07 3.612229e-07 3.612229e-07 
RSO 7 1.555116 0.7926252 3.626399e-05 2.231323e-05 2.231323e-05 2.231323e-05 2.231323e-05 2.231323e-05 2.231323e-05 2.231323e-05 2.231323e-05 2.231323e-05 2.231323e-05 2.231323e-05 2.231323e-05 2.231323e-05 2.231323e-05 2.231323e-05 2.231323e-05 
EGO 7 1.555116 0.7926616 0.008638114 0.008133956 0.0006246313 0.0006246313 0.0006246313 0.0006246313 0.0006246313 0.0006246313 1.378898e-05 1.378898e-05 1.378898e-05 1.378898e-05 1.378898e-05 1.378898e-05 1.378898e-05 1.378898e-05 1.378898e-05 
TREGO 7 1.555116 0.1533171 0.003226766 0.003226766 1.471594e-05 1.471594e-05 1.471594e-05 7.508206e-06 1.481488e-06 1.481488e-06 3.793978e-07 3.637245e-07 3.621706e-07 3.621706e-07 3.621706e-07 3.621706e-07 3.621706e-07 3.621706e-07 3.621706e-07 
RSO 8 1.391778 1.391778 0.0552558 0.002509614 4.994688e-06 4.994688e-06 4.994688e-06 4.994688e-06 4.994688e-06 4.994688e-06 4.994688e-06 4.994688e-06 4.994688e-06 4.994688e-06 4.994688e-06 4.994688e-06 4.994688e-06 4.994688e-06 4.994688e-06 
EGO 8 1.391778 1.391778 0.05525941 0.04066564 0.002912319 0.0001265204 0.0001265204 0.0001265204 0.0001265204 0.0001265204 0.0001265204 0.0001265204 0.0001265204 0.0001265204 0.0001265204 0.0001223897 0.0001223897 0.0001223897 0.0001223897 
TREGO 8 1.391778 1.391778 0.05934723 0.008963916 0.0009125564 1.085687e-06 3.981424e-07 3.981424e-07 3.981424e-07 3.981424e-07 3.981424e-07 3.981424e-07 3.981424e-07 3.583367e-07 3.583367e-07 3.583367e-07 3.583367e-07 3.583367e-07 3.583367e-07 
RSO 9 12.00862 2.258818 0.0308675 1.546828e-05 1.546828e-05 1.546828e-05 1.546828e-05 1.546828e-05 1.546828e-05 1.546828e-05 1.546828e-05 1.546828e-05 1.546828e-05 1.546828e-05 1.546828e-05 1.546828e-05 1.546828e-05 1.546828e-05 1.546828e-05 
EGO 9 12.00862 1.654355 0.08204138 0.02359149 0.004997053 0.0006210758 0.0003013758 0.0003013758 3.217051e-05 3.217051e-05 3.217051e-05 3.217051e-05 3.217051e-05 3.217051e-05 3.217051e-05 3.217051e-05 3.217051e-05 3.217051e-05 3.217051e-05 
TREGO 9 12.00862 0.6359443 0.01841972 0.01841972 0.0004911654 0.0004911654 0.0004911654 0.0004911654 0.0001158628 3.61591e-07 3.61591e-07 3.61591e-07 3.61591e-07 3.61591e-07 3.61591e-07 3.61591e-07 3.61591e-07 3.61591e-07 3.61591e-07 
RSO 10 16.29509 1.545578 0.0001380634 0.0001380634 0.0001380634 0.0001380634 0.0001380634 0.0001380634 7.644849e-05 7.644849e-05 7.644849e-05 7.644849e-05 7.644849e-05 7.644849e-05 7.644849e-05 7.644849e-05 7.644849e-05 7.644849e-05 7.644849e-05 
EGO 10 16.29509 1.545578 0.01594725 0.01594725 0.001889473 0.001889473 4.5438e-06 4.5438e-06 4.5438e-06 4.5438e-06 4.5438e-06 4.5438e-06 4.5438e-06 4.5438e-06 4.5438e-06 4.5438e-06 4.5438e-06 4.5438e-06 4.5438e-06 
TREGO 10 16.29509 1.545578 0.05848613 0.001359011 1.027445e-05 3.676141e-07 3.676141e-07 3.676141e-07 3.676141e-07 3.676141e-07 3.676141e-07 3.676141e-07 3.676141e-07 3.635395e-07 3.603192e-07 3.603192e-07 3.590507e-07 3.590507e-07 3.585816e-07 
RSO 11 2.511987 1.545768 0.005761036 0.002808086 3.696448e-06 3.696448e-06 3.696448e-06 3.696448e-06 3.696448e-06 3.696448e-06 3.696448e-06 3.696448e-06 3.696448e-06 3.696448e-06 3.696448e-06 3.62605e-06 3.62605e-06 3.62605e-06 3.62605e-06 
EGO 11 2.511987 1.572881 0.3201482 0.04578405 0.004213791 3.687635e-06 3.687635e-06 3.687635e-06 3.687635e-06 3.687635e-06 3.687635e-06 3.687635e-06 3.687635e-06 3.687635e-06 3.687635e-06 3.687635e-06 3.687635e-06 3.687635e-06 3.687635e-06 
TREGO 11 2.511987 1.545293 0.02465256 0.0006578367 0.0006578367 2.659921e-06 2.659921e-06 2.573261e-06 1.623045e-06 1.623045e-06 1.623045e-06 1.623045e-06 1.150943e-06 1.126616e-06 1.126616e-06 1.126616e-06 1.126616e-06 1.126616e-06 1.126616e-06 
RSO 12 0.5046683 0.5046683 0.2099039 0.0003723281 0.0003723281 0.0003723281 0.0003723281 3.725772e-05 3.725772e-05 3.725772e-05 3.725772e-05 3.725772e-05 3.725772e-05 3.725772e-05 3.725772e-05 3.725772e-05 3.725772e-05 3.725772e-05 3.725772e-05 
EGO 12 0.5046683 0.5046683 0.0401289 0.0168396 0.002770395 0.002770395 0.002770395 2.860465e-05 2.860465e-05 2.860465e-05 2.860465e-05 2.860465e-05 2.860465e-05 2.860465e-05 2.860465e-05 2.860465e-05 2.860465e-05 2.860465e-05 2.860465e-05 
TREGO 12 0.5046683 0.5046683 0.02157669 0.0004411553 0.0004411553 0.0004411553 0.0001662156 0.0001662156 3.801145e-07 3.801145e-07 3.801145e-07 3.75033e-07 3.71495e-07 3.71495e-07 3.702561e-07 3.702561e-07 3.702561e-07 3.702561e-07 3.702561e-07 
RSO 13 3.111368 3.111368 0.2307662 0.0002675308 0.0002675308 0.0002675308 0.0002675308 0.0002675308 9.053257e-05 9.053257e-05 9.053257e-05 9.053257e-05 9.053257e-05 9.053257e-05 9.053257e-05 9.053257e-05 9.053257e-05 9.053257e-05 9.053257e-05 
EGO 13 3.111368 3.111368 0.1879947 0.04967383 0.001408899 0.0002538025 0.0002538025 0.0002538025 0.0002538025 0.0002538025 0.0002538025 0.0002538025 0.0002538025 0.0002538025 0.0002306154 0.0002306154 0.0002306154 0.0002306154 0.0002306154 
TREGO 13 3.111368 1.185618 0.1358048 0.0005552146 0.0005552146 0.0005552146 3.791816e-07 3.791816e-07 3.791816e-07 3.791816e-07 3.791816e-07 3.791816e-07 3.791816e-07 3.791816e-07 3.791816e-07 3.791816e-07 3.791816e-07 3.791816e-07 3.791816e-07 
RSO 14 3.168168 1.762498 0.2745617 0.003856632 0.0006227845 7.182923e-05 7.182923e-05 7.182923e-05 7.182923e-05 7.182923e-05 7.182923e-05 3.297396e-06 5.024385e-07 5.024385e-07 5.024385e-07 5.024385e-07 5.024385e-07 5.024385e-07 5.024385e-07 
EGO 14 3.168168 1.745955 0.0755453 0.02106024 0.009878238 0.009878238 0.009878238 6.93756e-06 6.93756e-06 6.93756e-06 6.93756e-06 6.93756e-06 6.93756e-06 6.93756e-06 6.93756e-06 6.93756e-06 6.93756e-06 6.93756e-06 6.93756e-06 
TREGO 14 3.168168 1.762493 0.1927517 0.01781361 1.417159e-05 1.417159e-05 7.358998e-07 7.358998e-07 7.358998e-07 7.358998e-07 7.358998e-07 7.358998e-07 3.595074e-07 3.595074e-07 3.595074e-07 3.595074e-07 3.595074e-07 3.595074e-07 3.595074e-07 
RSO 15 3.280627 0.950971 0.03042456 6.090477e-05 6.090477e-05 6.090477e-05 6.090477e-05 6.090477e-05 6.090477e-05 6.090477e-05 6.090477e-05 6.090477e-05 6.090477e-05 6.090477e-05 6.090477e-05 6.090477e-05 6.090477e-05 6.090477e-05 6.090477e-05 
EGO 15 3.280627 0.9503411 0.0526473 0.02801286 0.002606612 0.0004254597 0.0004254597 6.099449e-05 6.099449e-05 6.099449e-05 6.099449e-05 6.099449e-05 6.099449e-05 6.099449e-05 6.099449e-05 6.099449e-05 6.099449e-05 6.099449e-05 6.099449e-05 
TREGO 15 3.280627 0.9504461 0.01314414 0.002562858 4.608664e-06 4.608664e-06 4.608664e-06 4.608664e-06 4.608664e-06 4.608664e-06 2.723565e-06 1.833168e-06 1.408558e-06 1.408558e-06 3.854354e-07 3.854354e-07 3.854354e-07 3.81708e-07 3.81708e-07 
RSO 16 2.428983 0.617985 0.01500619 0.0007961886 4.957717e-05 4.957717e-05 4.957717e-05 4.957717e-05 4.957717e-05 4.957717e-05 4.957717e-05 4.957717e-05 4.957717e-05 4.957717e-05 4.957717e-05 4.957717e-05 4.957717e-05 4.957717e-05 4.957717e-05 
EGO 16 2.428983 0.617998 0.1841781 0.006859627 0.0004403328 0.0004403328 7.180727e-06 7.180727e-06 7.180727e-06 7.180727e-06 7.180727e-06 7.180727e-06 7.180727e-06 7.180727e-06 7.180727e-06 7.180727e-06 7.180727e-06 7.180727e-06 7.180727e-06 
TREGO 16 2.428983 2.428983 0.09574782 0.004657136 0.0005139043 0.0005139043 0.0005139043 4.157729e-07 4.157729e-07 3.993883e-07 3.835307e-07 3.764815e-07 3.764815e-07 3.764815e-07 3.764815e-07 3.764815e-07 3.764815e-07 3.764815e-07 3.764815e-07 
RSO 17 3.595515 0.757152 0.0005434516 7.135079e-05 6.500217e-05 6.500217e-05 6.500217e-05 6.500217e-05 6.500217e-05 6.500217e-05 6.500217e-05 6.500217e-05 6.500217e-05 6.500217e-05 6.500217e-05 6.500217e-05 6.500217e-05 6.500217e-05 6.500217e-05 
EGO 17 3.595515 0.7433981 0.111642 0.002857285 0.0003459911 0.0003459911 0.0003459911 0.0003459911 0.0003459911 0.0003459911 0.0003459911 0.0003459911 0.0003459911 0.0003459911 0.0003459911 0.0003459911 0.0003459911 0.0003459911 0.0003459911 
TREGO 17 3.595515 0.7608258 0.06440719 0.03137911 0.001238449 0.0004378857 4.095208e-07 4.095208e-07 4.095208e-07 4.095208e-07 4.095208e-07 4.095208e-07 3.827262e-07 3.827262e-07 3.827262e-07 3.827262e-07 3.827262e-07 3.827262e-07 3.827262e-07 
RSO 18 0.6113244 0.6113244 0.1090871 0.0001872816 0.0001872816 0.0001872816 0.0001872816 0.0001872816 0.0001872816 0.0001872816 0.0001872816 0.0001872816 0.0001872816 0.0001872816 0.0001872816 0.0001872816 0.0001872816 0.0001872816 0.0001872816 
EGO 18 0.6113244 0.6113244 0.09942847 0.02659901 0.0009083564 0.0009083564 0.0009083564 0.0009083564 0.0009083564 0.0009083564 0.0009083564 1.761603e-06 1.761603e-06 1.761603e-06 1.761603e-06 1.761603e-06 1.761603e-06 1.761603e-06 1.761603e-06 
TREGO 18 0.6113244 0.6113244 0.06484343 0.007094355 0.001948027 0.001948027 2.250591e-06 1.213698e-06 1.213698e-06 1.213698e-06 1.19532e-06 1.19532e-06 1.19532e-06 1.19532e-06 1.168851e-06 1.166511e-06 1.166511e-06 1.166511e-06 1.166511e-06 
RSO 19 7.776312 0.7814331 0.0007930377 6.603221e-07 6.603221e-07 6.603221e-07 6.603221e-07 6.603221e-07 6.603221e-07 6.603221e-07 6.603221e-07 6.603221e-07 6.603221e-07 6.603221e-07 6.603221e-07 6.603221e-07 6.603221e-07 6.603221e-07 6.603221e-07 
EGO 19 7.776312 1.042937 0.02720573 0.02720573 0.003956871 0.003956871 5.832925e-06 5.832925e-06 5.832925e-06 5.832925e-06 5.832925e-06 5.832925e-06 5.832925e-06 5.832925e-06 5.832925e-06 5.832925e-06 5.832925e-06 5.832925e-06 5.832925e-06 
TREGO 19 7.776312 0.4671756 0.03978846 0.0002369292 0.0002369292 0.0002369292 1.133226e-06 1.133226e-06 1.030542e-06 1.030542e-06 1.030542e-06 1.030542e-06 1.030542e-06 1.030542e-06 1.030542e-06 6.24465e-07 5.074868e-07 5.074868e-07 5.074868e-07 
RSO 20 5.577554 1.795246 0.01127441 0.01098506 1.07184e-06 1.07184e-06 1.07184e-06 1.07184e-06 1.07184e-06 1.07184e-06 1.07184e-06 1.07184e-06 1.07184e-06 1.07184e-06 1.07184e-06 1.07184e-06 1.07184e-06 1.07184e-06 1.07184e-06 
EGO 20 5.577554 0.577521 0.04553489 0.02373194 0.001205259 0.001205259 0.001205259 1.126653e-05 1.126653e-05 1.126653e-05 1.126653e-05 1.126653e-05 1.126653e-05 1.126653e-05 1.126653e-05 1.126653e-05 1.126653e-05 1.126653e-05 1.126653e-05 
TREGO 20 5.577554 1.949295 0.0132259 0.002417028 0.0008870018 2.300266e-06 2.300266e-06 3.982309e-07 3.982309e-07 3.982309e-07 3.982309e-07 3.982309e-07 3.982309e-07 3.982309e-07 3.982309e-07 3.982309e-07 3.81559e-07 3.81559e-07 3.638907e-07 
