================================================================================ 
RSO 1 0.3190909 0.3036364 0.2936364 0.2818182 0.2736364 0.2463636 0.2463636 0.2463636 0.2463636 
EGO 1 0.3190909 0.3190909 0.3136364 0.3136364 0.3027273 0.2754545 0.2545455 0.2545455 0.2545455 
TREGO 1 0.3190909 0.3109091 0.2918182 0.2918182 0.2918182 0.2918182 0.2718182 0.2718182 0.2718182 
RSO 2 0.2927273 0.2927273 0.2927273 0.2736364 0.2663636 0.2663636 0.2663636 0.2563636 0.2563636 
EGO 2 0.2927273 0.2927273 0.2927273 0.2927273 0.2927273 0.2927273 0.2754545 0.2754545 0.2754545 
TREGO 2 0.2927273 0.2927273 0.2927273 0.2927273 0.2927273 0.2927273 0.2663636 0.2663636 0.2663636 
RSO 3 0.2745455 0.2745455 0.2745455 0.2745455 0.2745455 0.2745455 0.2745455 0.2745455 0.2745455 
EGO 3 0.2745455 0.2745455 0.2745455 0.2745455 0.2745455 0.2745455 0.2745455 0.2636364 0.2545455 
TREGO 3 0.2745455 0.2745455 0.2745455 0.2554545 0.2554545 0.2554545 0.2554545 0.2554545 0.2554545 
RSO 4 0.2809091 0.2736364 0.2736364 0.2736364 0.2736364 0.2736364 0.2736364 0.2727273 0.2727273 
EGO 4 0.2809091 0.2809091 0.2809091 0.2809091 0.2809091 0.2809091 0.2809091 0.2809091 0.2809091 
TREGO 4 0.2809091 0.2809091 0.2809091 0.2809091 0.2809091 0.2809091 0.2809091 0.2809091 0.2809091 
RSO 5 0.3209091 0.2990909 0.2645455 0.2372727 0.2372727 0.2372727 0.2372727 0.2372727 0.2372727 
EGO 5 0.3209091 0.3018182 0.3018182 0.3018182 0.3018182 0.2709091 0.2709091 0.2709091 0.2709091 
TREGO 5 0.3209091 0.3 0.2945455 0.2618182 0.2618182 0.2618182 0.2618182 0.2618182 0.2618182 
RSO 6 0.2945455 0.2945455 0.2945455 0.2945455 0.2827273 0.2618182 0.2618182 0.2618182 0.2618182 
EGO 6 0.2945455 0.2945455 0.2545455 0.2545455 0.2545455 0.2545455 0.2545455 0.2545455 0.2545455 
TREGO 6 0.2945455 0.2918182 0.2836364 0.2836364 0.2836364 0.2490909 0.2490909 0.2490909 0.2490909 
RSO 7 0.3290909 0.2827273 0.2745455 0.2745455 0.2427273 0.2427273 0.2427273 0.2427273 0.2427273 
EGO 7 0.3290909 0.3290909 0.2763636 0.2763636 0.2763636 0.2563636 0.2563636 0.2563636 0.2563636 
TREGO 7 0.3290909 0.3018182 0.3018182 0.2845455 0.2836364 0.2836364 0.2836364 0.2836364 0.2836364 
RSO 8 0.3563636 0.3372727 0.3018182 0.2890909 0.2545455 0.2545455 0.2545455 0.2545455 0.2545455 
EGO 8 0.3563636 0.3381818 0.3127273 0.3127273 0.2818182 0.2818182 0.2818182 0.2818182 0.2818182 
TREGO 8 0.3563636 0.3181818 0.3181818 0.2545455 0.2545455 0.2545455 0.2545455 0.2545455 0.2545455 
RSO 9 0.3890909 0.34 0.2836364 0.2836364 0.2836364 0.2836364 0.2836364 0.2836364 0.2836364 
EGO 9 0.3890909 0.35 0.3390909 0.2909091 0.2709091 0.2709091 0.2709091 0.2709091 0.2709091 
TREGO 9 0.3890909 0.3681818 0.3681818 0.2818182 0.2390909 0.2390909 0.2390909 0.2390909 0.2390909 
RSO 10 0.36 0.35 0.3245455 0.3245455 0.3 0.2809091 0.2809091 0.2809091 0.2809091 
EGO 10 0.36 0.3445455 0.3218182 0.2963636 0.2963636 0.2727273 0.2654545 0.2654545 0.2654545 
TREGO 10 0.36 0.3218182 0.3218182 0.2863636 0.2863636 0.2863636 0.2781818 0.2745455 0.2745455 
RSO 11 0.3009091 0.3009091 0.2854545 0.2854545 0.2854545 0.2827273 0.2736364 0.2736364 0.2736364 
EGO 11 0.3009091 0.2918182 0.2918182 0.2918182 0.2918182 0.2918182 0.2918182 0.2918182 0.2918182 
TREGO 11 0.3009091 0.28 0.28 0.28 0.28 0.28 0.28 0.28 0.2745455 
RSO 12 0.2818182 0.2818182 0.2818182 0.28 0.2790909 0.2645455 0.2645455 0.2645455 0.2645455 
EGO 12 0.2818182 0.2818182 0.2818182 0.2536364 0.2536364 0.2536364 0.2536364 0.2536364 0.2536364 
TREGO 12 0.2818182 0.2772727 0.2772727 0.2654545 0.2654545 0.2636364 0.2545455 0.2545455 0.2545455 
RSO 13 0.3481818 0.2845455 0.2827273 0.2636364 0.2636364 0.2636364 0.2636364 0.2636364 0.2636364 
EGO 13 0.3481818 0.3036364 0.2636364 0.2636364 0.2636364 0.2636364 0.2636364 0.2636364 0.2636364 
TREGO 13 0.3481818 0.2727273 0.2545455 0.2545455 0.2545455 0.2545455 0.2545455 0.2545455 0.2545455 
RSO 14 0.2636364 0.2445455 0.2445455 0.2445455 0.2445455 0.2445455 0.2445455 0.2445455 0.2354545 
EGO 14 0.2636364 0.2636364 0.2636364 0.2636364 0.2527273 0.2527273 0.2527273 0.2527273 0.2527273 
TREGO 14 0.2636364 0.2636364 0.2636364 0.2636364 0.2636364 0.2636364 0.2618182 0.2618182 0.2618182 
RSO 15 0.3027273 0.3027273 0.3027273 0.3027273 0.2736364 0.2636364 0.2636364 0.2636364 0.2636364 
EGO 15 0.3027273 0.3027273 0.3027273 0.3027273 0.2818182 0.2818182 0.2818182 0.2818182 0.2818182 
TREGO 15 0.3027273 0.3027273 0.3 0.3 0.2627273 0.2627273 0.2627273 0.2627273 0.2627273 
================================================================================ 
RSO 1 0.3109091 0.2718182 0.2718182 0.2718182 0.2718182 0.2554545 0.2554545 0.2536364 0.2536364
EGO 1 0.3109091 0.2636364 0.2636364 0.2636364 0.2636364 0.2454545 0.2454545 0.2454545 0.2454545
TREGO 1 0.3109091 0.2963636 0.2963636 0.2845455 0.2845455 0.2845455 0.2554545 0.2554545 0.2554545
RSO 2 0.2827273 0.2827273 0.2827273 0.2654545 0.2545455 0.2545455 0.2545455 0.2545455 0.2545455
EGO 2 0.2827273 0.2827273 0.2827273 0.2827273 0.2827273 0.2827273 0.2827273 0.2818182 0.2818182
TREGO 2 0.2827273 0.2827273 0.2827273 0.2790909 0.2763636 0.2763636 0.2763636 0.2763636 0.2763636
RSO 3 0.2936364 0.2936364 0.2263636 0.2263636 0.2263636 0.2263636 0.2263636 0.2263636 0.2263636
EGO 3 0.2936364 0.2936364 0.28 0.28 0.28 0.28 0.28 0.28 0.28
TREGO 3 0.2936364 0.2918182 0.2918182 0.2845455 0.2654545 0.2609091 0.2609091 0.2609091 0.2609091
RSO 4 0.3127273 0.28 0.28 0.28 0.28 0.28 0.28 0.2763636 0.2754545
EGO 4 0.3127273 0.2627273 0.2627273 0.2627273 0.2627273 0.2627273 0.2627273 0.2627273 0.2627273
TREGO 4 0.3127273 0.2718182 0.2718182 0.2718182 0.2718182 0.2718182 0.2718182 0.2718182 0.2718182
RSO 5 0.3236364 0.2781818 0.2781818 0.2781818 0.2781818 0.2781818 0.2781818 0.2781818 0.2781818
EGO 5 0.3236364 0.32 0.2836364 0.2836364 0.2836364 0.2809091 0.2554545 0.2554545 0.2554545
TREGO 5 0.3236364 0.2972727 0.2972727 0.2918182 0.2918182 0.2554545 0.2381818 0.2381818 0.2381818
================================================================================ 
RSO 1 0.2763636 0.2727273 0.2727273 0.2654545 0.2654545 0.2654545 0.2654545 0.2654545 0.2654545 
EGO 1 0.2763636 0.2763636 0.2763636 0.2763636 0.2763636 0.2709091 0.2709091 0.2709091 0.2645455 
TREGO 1 0.2763636 0.2763636 0.2654545 0.2654545 0.2654545 0.2654545 0.2627273 0.2627273 0.2627273 
RSO 2 0.32 0.2881818 0.2663636 0.2663636 0.2663636 0.2545455 0.2545455 0.2545455 0.2545455 
EGO 2 0.32 0.3 0.3 0.2754545 0.2754545 0.2754545 0.2754545 0.2754545 0.2754545 
TREGO 2 0.32 0.32 0.2754545 0.2754545 0.2754545 0.2618182 0.2618182 0.2618182 0.2563636 
RSO 3 0.31 0.2845455 0.2818182 0.2727273 0.2727273 0.2727273 0.2727273 0.2727273 0.2727273 
EGO 3 0.31 0.2736364 0.2736364 0.2736364 0.2736364 0.2736364 0.2736364 0.2736364 0.2736364 
TREGO 3 0.31 0.2827273 0.2718182 0.2718182 0.2718182 0.2718182 0.2718182 0.2718182 0.2718182 
RSO 4 0.2636364 0.2636364 0.2636364 0.2636364 0.2636364 0.2636364 0.2636364 0.2636364 0.2636364 
EGO 4 0.2636364 0.2636364 0.2636364 0.2636364 0.2636364 0.2636364 0.2554545 0.2554545 0.2554545 
TREGO 4 0.2636364 0.2636364 0.2636364 0.2636364 0.2636364 0.2636364 0.2636364 0.2636364 0.2527273 
RSO 5 0.33 0.2718182 0.2718182 0.2718182 0.2718182 0.2718182 0.2718182 0.2718182 0.2527273 
EGO 5 0.33 0.3027273 0.2736364 0.2736364 0.2727273 0.2727273 0.2727273 0.2727273 0.2636364 
TREGO 5 0.33 0.2636364 0.2636364 0.2636364 0.2636364 0.2636364 0.2636364 0.2636364 0.2636364 
RSO 6 0.2618182 0.2618182 0.2618182 0.2618182 0.2618182 0.2618182 0.2618182 0.2618182 0.2618182 
EGO 6 0.2618182 0.2618182 0.2554545 0.2554545 0.2554545 0.2554545 0.2554545 0.2554545 0.2554545 
TREGO 6 0.2618182 0.2618182 0.2618182 0.2518182 0.2518182 0.2518182 0.2518182 0.2518182 0.2518182 
