RSO 1 1.018589 1.018589 0.5625516 0.5625516 0.5625516 0.5625516 0.1884442 0.08435987 0.03479438 3.703672e-05 3.703672e-05 3.703672e-05 3.703672e-05 3.703672e-05 3.703672e-05 3.703672e-05 3.703672e-05 3.703672e-05 3.703672e-05 
EGO 1 1.018589 1.018589 0.9908598 0.4274973 0.4274973 0.2087484 0.2087484 0.1742007 0.02260456 0.02260456 0.00875012 0.007237862 0.007237862 0.007237862 0.0002167007 0.0002167007 0.0002167007 0.0002167007 0.0002167007 
TREGO 1 1.018589 1.018589 1.018589 0.8146254 0.8146254 0.3326547 0.2404721 0.1600395 0.03089881 0.001296772 0.001296772 0.001296772 0.001296772 0.001296772 0.001296772 0.0003080018 0.0003080018 0.0003080018 9.175026e-05 
RSO 2 0.7626912 0.7626912 0.1575603 0.1575603 0.1575603 0.1575603 0.1575603 0.05925384 0.02983247 0.02983247 0.02983247 0.0006818858 0.0006818858 0.0006818858 0.0006818858 0.0006818858 0.0006818858 0.0006818858 0.0006818858 
EGO 2 0.7626912 0.7626912 0.1575603 0.1575603 0.1575603 0.1575603 0.1575603 0.04112978 0.04112978 0.002607727 0.002607727 0.002607727 0.0007635164 0.0007635164 0.0006259634 0.0006259634 0.0002736468 0.0002736468 0.0002736468 
TREGO 2 0.7626912 0.7626912 0.001764287 0.001764287 0.001764287 0.001764287 0.001764287 0.001764287 0.001764287 0.001764287 0.001764287 0.001764287 0.001764287 0.001764287 0.001764287 0.001764287 0.001581876 0.0002506146 0.0002506146 
RSO 3 0.5981527 0.5981527 0.06905029 0.06905029 0.06905029 0.06905029 0.06905029 0.06905029 0.00965548 0.00965548 0.00965548 0.002294339 0.0007063116 0.0004834127 0.0002489501 0.0001042043 0.0001042043 0.0001042043 0.0001042043 
EGO 3 0.5981527 0.5981527 0.5981527 0.5981527 0.5981527 0.3475983 0.2247098 0.08213327 0.01679957 0.01254501 0.01254501 0.01254501 0.0006855633 0.0006855633 0.0006855633 0.0006855633 0.0006855633 0.0006855633 0.0006855633 
TREGO 3 0.5981527 0.5981527 0.5981527 0.5981527 0.5981527 0.4525928 0.368249 0.09355968 0.02285649 0.02285649 0.0005727273 0.0005727273 0.0005727273 0.0005727273 0.0005727273 0.0005727273 8.842377e-05 8.842377e-05 8.842377e-05 
RSO 4 2.822262 2.822262 0.8540722 0.08999036 0.08999036 0.04215875 0.04215875 0.04215875 0.004386309 0.004386309 0.004386309 0.004386309 0.004386309 0.004386309 0.0005054757 0.0005054757 0.0005054757 0.0005054757 0.0005054757 
EGO 4 2.822262 2.822262 0.8479801 0.1452019 0.01944414 0.01944414 0.01944414 0.01944414 0.01944414 0.01944414 0.01944414 0.01944414 0.001285368 0.001285368 0.001285368 0.001285368 0.001285368 0.001285368 0.001285368 
TREGO 4 2.822262 2.822262 2.484389 0.5668563 0.06123903 0.06123903 0.002333769 0.002333769 0.002333769 0.002333769 0.002333769 0.002333769 0.001479972 0.001479972 0.0005848041 0.0005848041 0.0005848041 0.0002932469 0.0002932469 
RSO 5 1.352626 1.352626 0.921794 0.921794 0.7341308 0.2042291 0.1451111 0.06707522 0.01065165 0.01065165 0.01065165 0.01065165 3.698629e-05 3.698629e-05 3.698629e-05 3.698629e-05 3.698629e-05 3.698629e-05 3.698629e-05 
EGO 5 1.352626 1.352626 0.4814842 0.4814842 0.4814842 0.1364147 0.1364147 0.03756627 0.03756627 0.0007956021 0.0007956021 0.0007956021 0.0007956021 0.0007956021 0.0007956021 0.0007956021 0.0007956021 0.0007956021 0.0007956021 
TREGO 5 1.352626 0.8633225 0.5782426 0.5782426 0.5782426 0.5782426 0.1021333 0.02601876 0.02595221 0.02595221 0.02252342 5.011309e-05 5.011309e-05 5.011309e-05 5.011309e-05 5.011309e-05 5.011309e-05 5.011309e-05 5.011309e-05 
RSO 6 1.028972 1.028972 1.028972 0.3976079 0.225192 0.225192 0.08089391 0.08089391 0.01436489 0.001273268 0.001273268 0.001273268 0.001273268 0.001273268 0.001273268 0.001273268 0.001273268 0.001273268 0.001273268 
EGO 6 1.028972 1.028972 1.028972 0.4084194 0.205088 0.205088 0.01993751 0.01993751 0.01993751 0.01993751 0.01416506 0.009566422 0.009566422 0.004847772 0.004847772 0.004847772 0.004847772 0.0002266823 0.0002266823 
TREGO 6 1.028972 0.929257 0.929257 0.929257 0.929257 0.1711316 0.02100623 0.02100623 0.02100623 0.005324306 0.005324306 0.005324306 0.005324306 0.0003151389 0.0003151389 0.0003151389 0.0003151389 7.616359e-06 7.616359e-06 
RSO 7 0.3026851 0.3026851 0.3026851 0.3026851 0.3026851 0.01980309 0.01980309 0.01980309 0.01980309 0.01980309 0.01980309 0.0004099811 0.0004099811 0.0004099811 0.0004099811 0.0004099811 6.588855e-05 2.779728e-05 2.779728e-05 
EGO 7 0.3026851 0.3026851 0.3026851 0.3026851 0.3026851 0.01980343 0.01980343 0.01980343 0.01980343 0.002985524 0.002985524 0.002985524 0.002985524 0.002985524 0.002985524 9.760285e-05 9.760285e-05 9.760285e-05 9.760285e-05 
TREGO 7 0.3026851 0.3026851 0.3026851 0.3026851 0.3026851 0.02962415 0.02962415 0.02962415 0.02962415 0.02962415 0.005389214 0.005389214 0.005389214 0.0002332592 0.0002332592 0.0002332592 8.56573e-05 8.56573e-05 8.56573e-05 
RSO 8 0.8949655 0.8949655 0.8949655 0.2651652 0.1395712 0.05161789 0.002335283 0.002335283 0.002335283 0.002335283 0.002335283 0.002335283 0.002335283 0.002335283 0.002335283 0.002335283 0.001425573 0.001425573 7.073901e-05 
EGO 8 0.8949655 0.8949655 0.8949655 0.1083278 0.1083278 0.1083278 0.1083278 0.009437187 0.009437187 0.0007595466 0.0007595466 0.0007595466 0.0007595466 0.0007595466 0.0007595466 0.0007595466 5.521218e-05 5.521218e-05 5.521218e-05 
TREGO 8 0.8949655 0.8949655 0.8949655 0.2681751 0.2681751 0.2681751 0.1194855 0.0004465087 0.0004465087 0.0004465087 0.0004465087 0.0004465087 0.0004465087 0.0004465087 0.0004465087 0.0004465087 0.0004465087 0.0004465087 0.0004465087 
RSO 9 1.55178 1.55178 0.9959934 0.4483535 0.4483535 0.4483535 0.03625445 0.03625445 0.02705818 0.01354402 0.006802065 0.006802065 0.0004432138 0.0004432138 0.0004432138 0.0002988415 0.0002011832 0.0002011832 0.0002011832 
EGO 9 1.55178 1.55178 0.001599128 0.001599128 0.001599128 0.001599128 0.001599128 0.001599128 0.001599128 0.001599128 0.001599128 0.001599128 0.001599128 0.001545856 0.001545856 0.001545856 4.356839e-06 4.356839e-06 4.356839e-06 
TREGO 9 1.55178 1.55178 0.2574977 0.2574977 0.06487155 0.06487155 0.06487155 0.008130824 0.008130824 0.008130824 0.008130824 0.004194905 0.0007943304 0.0007943304 0.0007943304 0.0007943304 0.0007943304 0.0007943304 9.374321e-05 
RSO 10 0.0679392 0.0679392 0.0679392 0.0679392 0.0679392 0.0679392 0.0679392 0.05116348 0.05116348 0.05116348 0.002838104 0.002838104 0.002838104 0.002838104 0.002838104 0.002838104 0.002838104 0.002838104 0.0008100848 
EGO 10 0.0679392 0.0679392 0.0679392 0.0679392 0.0679392 0.0679392 0.0679392 0.0679392 0.02819252 0.02819252 0.01461345 0.01461345 0.01461345 0.01095013 0.01095013 0.01095013 0.01095013 0.01095013 3.019938e-05 
TREGO 10 0.0679392 0.0679392 0.0679392 0.0679392 0.0679392 0.0679392 0.0679392 0.03696892 0.03696892 0.004813372 0.004813372 0.001721797 0.001721797 0.001721797 0.001721797 6.484609e-06 6.484609e-06 6.484609e-06 6.484609e-06 
RSO 11 0.6034031 0.6034031 0.253099 0.253099 0.253099 0.108679 0.108679 0.1071272 0.07770816 0.01114757 0.0004891559 0.0004891559 0.0004891559 0.0004891559 0.0004891559 0.0004891559 0.0004891559 0.0002997311 2.849115e-05 
EGO 11 0.6034031 0.6034031 0.1922102 0.1922102 0.1922102 0.09663709 0.09663709 0.002461918 0.002461918 0.002461918 0.002461918 0.002461918 0.002461918 0.0009853624 0.0009853624 0.0009853624 0.0009853624 0.0009853624 0.0009853624 
TREGO 11 0.6034031 0.5152856 0.5152856 0.5152856 0.5152856 0.04485428 0.04485428 0.04485428 0.02350012 0.02350012 0.008520526 0.0009980855 0.0009980855 0.0009980855 0.0009980855 0.0009707584 0.0009707584 0.0009707584 0.0009707584 
RSO 12 4.712499 4.712499 0.08062913 0.08062913 0.08062913 0.08062913 0.08062913 0.08062913 0.08062913 0.001361478 0.001361478 0.001361478 0.001361478 0.001361478 0.001191537 0.001191537 0.001191537 0.001191537 0.0005950765 
EGO 12 4.712499 4.712499 0.06444577 0.06444577 0.06444577 0.06444577 0.06444577 0.02444354 0.02444354 0.02444354 0.02444354 0.02444354 0.002476313 0.002476313 0.002476313 0.002476313 0.002476313 0.0003749603 0.0003749603 
TREGO 12 4.712499 4.712499 0.9612862 0.935179 0.3963332 0.1983679 0.03094932 0.03094932 0.03094932 0.03094932 0.001978256 0.001978256 0.00174019 0.00174019 0.0001534925 0.0001534925 0.0001534925 0.0001534925 0.0001534925 
RSO 13 4.232519 4.232519 1.772016 0.6035996 0.4424344 0.4424344 0.3152474 0.01621345 0.01621345 0.01621345 0.008909234 0.007593767 0.001068692 0.001068692 0.0001671649 0.0001671649 0.0001671649 0.0001671649 0.0001671649 
EGO 13 4.232519 4.232519 0.3615009 0.3615009 0.3615009 0.3615009 0.2288969 0.07360315 0.07360315 0.004792241 0.004792241 0.004792241 0.004792241 0.004792241 0.0004602089 0.0004602089 0.0004602089 0.0004602089 0.0004602089 
TREGO 13 4.232519 4.232519 0.5499031 0.5499031 0.5499031 0.4925055 0.3662191 0.1460468 0.1313466 0.008995034 0.008995034 0.008995034 0.0008351946 0.0008351946 0.0008351946 0.0008351946 0.0005937405 0.0005937405 0.0005937405 
RSO 14 6.729776 6.729776 0.6507774 0.2867723 0.1009458 0.1009458 0.1009458 0.1009458 0.003177453 0.003177453 0.003177453 0.003177453 0.003177453 0.003177453 0.0002243214 0.0002243214 0.0002243214 0.0002243214 0.0002243214 
EGO 14 6.729776 6.729776 0.6507779 0.6507779 0.6507779 0.1052373 0.1052373 0.1052373 0.002603607 0.002603607 0.002603607 0.002603607 0.0009457665 0.0009457665 0.0009457665 0.0009457665 0.0009457665 0.0002660512 0.0002660512 
TREGO 14 6.729776 1.704536 0.7541296 0.07951835 0.07951835 0.07951835 0.07951835 0.07951835 0.02182924 0.02182924 0.001466588 0.001466588 0.001466588 0.001466588 0.001466588 0.0006264538 0.0006264538 7.119965e-05 7.119965e-05 
RSO 15 6.862256 0.2313192 0.2313192 0.2313192 0.2313192 0.1221434 0.02204867 0.01274581 0.01007078 0.01007078 0.01007078 0.01007078 0.002724834 0.002724834 0.002724834 0.0004213893 0.0002897889 0.0002897889 0.0002897889 
EGO 15 6.862256 0.2313263 0.2313263 0.2313263 0.2313263 0.2313263 0.2313263 0.03083226 0.03083226 0.002389224 0.002389224 0.002389224 0.0003358158 0.0003358158 0.0003358158 0.0003358158 0.0003358158 0.0003358158 0.0003358158 
TREGO 15 6.862256 1.208333 1.208333 0.6792302 0.6792302 0.2933326 0.1527764 0.05247557 0.004201252 0.004201252 0.002300168 0.002300168 0.002300168 0.002300168 6.533212e-06 6.533212e-06 6.533212e-06 6.533212e-06 6.533212e-06 
RSO 16 2.075315 1.440562 0.1224135 0.1224135 0.1224135 0.05338031 0.05338031 0.05338031 0.04940503 0.001489999 0.001404271 0.001404271 0.001404271 0.001404271 0.001404271 0.001404271 0.001404271 0.001404271 0.001404271 
EGO 16 2.075315 1.440568 0.4606836 0.2811971 0.2811971 0.03259439 0.03259439 0.03259439 0.001124793 0.001124793 0.001124793 0.001124793 0.001124793 0.001124793 0.001124793 0.001124793 0.001124793 3.100234e-05 3.100234e-05 
TREGO 16 2.075315 0.2076372 0.2076372 0.2076372 0.2076372 0.1153808 0.09197159 0.07834514 0.002995619 0.002995619 0.002995619 0.002222941 0.002222941 0.0006617525 0.0002415959 0.0002415959 0.0002415959 0.0002415959 0.0002415959 
RSO 17 1.264645 0.6886559 0.608229 0.161286 0.161286 0.161286 0.161286 0.08689942 0.007457482 0.007457482 0.007457482 0.006548442 0.002802737 0.0009284739 7.715199e-05 7.715199e-05 7.715199e-05 7.715199e-05 7.715199e-05 
EGO 17 1.264645 1.264645 0.6871483 0.6871483 0.5211608 0.0823044 0.0823044 0.0823044 0.02710352 0.02710352 0.007672707 0.007672707 0.007672707 0.001076894 0.001076894 0.001076894 0.001076894 0.001076894 0.000957402 
TREGO 17 1.264645 1.264645 0.8185988 0.5439978 0.5439978 0.3511732 0.008782165 0.008782165 0.008782165 0.008782165 0.008782165 0.008782165 0.0002407997 0.0002407997 0.0002407997 0.0002407997 4.642684e-06 4.642684e-06 4.642684e-06 
RSO 18 1.061223 1.061223 0.9488211 0.5751978 0.5751978 0.5751978 0.1227515 0.0528614 0.006577358 0.006577358 0.006577358 0.006577358 0.0002536199 0.0002536199 0.0002536199 0.0002536199 0.0002536199 0.0002536199 0.0002536199 
EGO 18 1.061223 1.061223 0.6651027 0.5786745 0.5786745 0.0326643 0.0326643 0.0326643 0.0326643 0.0326643 0.0008291832 0.0008291832 0.0008291832 0.0008291832 0.0008291832 0.0008291832 0.0008291832 0.0008291832 0.0007211526 
TREGO 18 1.061223 1.061223 0.7786255 0.4094864 0.4094864 0.4094864 0.07899327 0.07899327 0.05426987 0.0224998 0.0224998 0.0224998 0.003362867 0.003362867 0.0002907246 0.0002907246 0.0002907246 0.0002907246 0.0002907246 
RSO 19 0.4242283 0.4242283 0.4242283 0.3354293 0.3354293 0.2227883 0.2034243 0.1685227 0.002043055 0.002043055 0.002043055 0.002043055 0.002043055 0.002043055 0.001138863 0.001138863 0.001138863 0.001138863 0.0006862924 
EGO 19 0.4242283 0.4242283 0.4242283 0.4242283 0.4242283 0.00873564 0.00873564 0.00873564 0.00873564 0.00873564 0.00873564 0.00873564 0.00873564 0.00873564 0.0001422043 0.0001422043 0.0001422043 0.0001422043 0.0001422043 
TREGO 19 0.4242283 0.4242283 0.4242283 0.4242283 0.4242283 0.4242283 0.1335105 0.1335105 0.003032501 0.003032501 0.003032501 0.003032501 0.003032501 0.00126948 0.00126948 0.00126948 0.00126948 0.00126948 0.00126948 
RSO 20 0.4715098 0.4715098 0.4715098 0.4622384 0.245811 0.245811 0.245811 0.1335139 0.06044245 0.003049947 0.003049947 0.003049947 0.003049947 0.002055224 0.001310879 0.001310879 0.001310879 0.001310879 0.0005505333 
EGO 20 0.4715098 0.4715098 0.4715098 0.4715098 0.4715098 0.4715098 0.008376791 0.008376791 0.008376791 0.008376791 0.008376791 0.008376791 0.008376791 0.001116562 0.001116562 0.001116562 0.001116562 0.001116562 0.0002926363 
TREGO 20 0.4715098 0.4715098 0.4715098 0.4715098 0.4715098 0.1612341 0.1612341 0.002041438 0.002041438 0.002041438 0.002041438 0.002041438 0.002041438 0.001777765 0.0006406703 0.0006406703 0.0006406703 3.223945e-05 3.223945e-05 
