RSO 1 0.4784948 0.4784948 0.2319737 0.1026985 0.0170331 6.466118e-05 6.466118e-05 6.466118e-05 6.466118e-05 6.466118e-05 6.466118e-05 6.466118e-05 6.466118e-05 6.466118e-05 6.466118e-05 6.466118e-05 6.466118e-05 6.466118e-05 6.466118e-05 
EGO 1 0.4784948 0.4784948 0.1215851 0.1215851 0.00406335 0.00406335 0.0008958991 0.0008958991 0.0004311573 0.0004311573 0.0004311573 0.0004311573 0.00020657 0.00020657 0.00020657 0.00020657 0.00020657 1.93102e-05 1.119292e-05 
TREGO 1 0.4784948 0.4573175 0.4573175 0.4053284 0.004540606 0.004540606 0.003465007 5.89081e-06 5.89081e-06 5.89081e-06 5.89081e-06 5.89081e-06 5.89081e-06 5.89081e-06 5.89081e-06 -4.213292e-07 -4.213292e-07 -4.213292e-07 -4.213292e-07 
RSO 2 1.1427 1.1427 0.6613908 0.006747301 2.369934e-05 1.346608e-05 1.346608e-05 1.346608e-05 1.346608e-05 1.346608e-05 1.346608e-05 1.346608e-05 1.346608e-05 1.346608e-05 1.346608e-05 1.346608e-05 1.346608e-05 1.346608e-05 1.346608e-05 
EGO 2 1.1427 1.1427 0.8593955 0.09304985 0.0007209277 0.0007209277 0.0007209277 0.0007209277 0.0007209277 0.0007209277 0.0007209277 0.0007209277 0.0001581671 0.0001581671 0.0001581671 0.0001581671 0.0001581671 0.0001581671 0.0001581671 
TREGO 2 1.1427 0.6927809 0.04158046 0.04158046 0.01724124 0.0001692482 0.0001692482 0.0001692482 0.0001692482 0.0001692482 2.75703e-05 2.75703e-05 2.650034e-06 2.650034e-06 2.650034e-06 6.83561e-07 -4.113878e-07 -4.263029e-07 -4.503087e-07 
RSO 3 0.09319386 0.09319386 0.09319386 0.09319386 0.02400901 0.0001473816 0.0001473816 0.0001473816 0.0001473816 0.0001473816 0.0001473816 0.0001473816 0.0001473816 0.0001473816 0.0001473816 0.0001473816 0.0001473816 0.0001473816 0.0001473816 
EGO 3 0.09319386 0.09319386 0.09319386 0.09319386 0.00585826 0.000934515 0.0007540263 0.0002125909 7.815992e-05 7.815992e-05 7.815992e-05 7.815992e-05 7.815992e-05 7.815992e-05 7.815992e-05 7.815992e-05 7.815992e-05 7.815992e-05 7.815992e-05 
TREGO 3 0.09319386 0.09319386 0.09319386 0.03573634 0.01865633 0.00980876 0.000340898 0.000340898 0.000340898 3.125005e-05 3.125005e-05 3.125005e-05 3.125005e-05 2.932084e-06 2.932084e-06 2.932084e-06 -3.913605e-07 -3.913605e-07 -3.913605e-07 
RSO 4 0.3854548 0.3854548 0.3854548 0.01351435 0.0111035 0.0002080608 2.715908e-05 2.214983e-05 2.214983e-05 2.214983e-05 2.214983e-05 2.214983e-05 2.214983e-05 2.214983e-05 2.214983e-05 2.214983e-05 2.963462e-06 2.963462e-06 -1.463592e-07 
EGO 4 0.3854548 0.3854548 0.3854548 0.01406376 0.01406376 0.002963975 0.002963975 0.002963975 0.0009125703 0.0009125703 0.0009125703 0.0009125703 0.000241254 5.50986e-06 5.50986e-06 5.50986e-06 5.50986e-06 5.50986e-06 5.50986e-06 
TREGO 4 0.3854548 0.3854548 0.1661655 0.1661655 0.01146258 0.007797904 0.0001843292 0.0001843292 0.0001843292 1.124555e-06 1.124555e-06 1.124555e-06 1.124555e-06 1.124555e-06 1.124555e-06 7.769939e-08 7.769939e-08 -9.499419e-08 -9.499419e-08 
RSO 5 0.523814 0.523814 0.3779956 0.1048057 0.002086492 5.825787e-05 5.825787e-05 5.825787e-05 5.825787e-05 5.825787e-05 5.825787e-05 5.825787e-05 5.825787e-05 5.825787e-05 5.825787e-05 5.825787e-05 5.825787e-05 5.825787e-05 5.825787e-05 
EGO 5 0.523814 0.523814 0.523814 0.05154864 0.05154864 0.006870237 0.001497503 0.000229745 0.000229745 0.0001529319 0.0001529319 0.0001529319 6.013187e-05 4.482346e-06 4.482346e-06 4.482346e-06 4.482346e-06 4.482346e-06 4.482346e-06 
TREGO 5 0.523814 0.523814 0.523814 0.01329241 0.01329241 0.004647551 0.0001105731 0.0001105731 0.0001105731 0.0001105731 0.0001068914 0.0001068914 1.980865e-05 1.980865e-05 1.061023e-05 6.273907e-06 3.44918e-06 -4.318999e-07 -4.360619e-07 
RSO 6 1.678035 1.058721 0.4357342 0.03696956 0.0003844182 7.824031e-06 7.824031e-06 7.824031e-06 7.824031e-06 7.824031e-06 7.824031e-06 7.824031e-06 7.824031e-06 7.824031e-06 7.824031e-06 7.824031e-06 7.824031e-06 7.824031e-06 7.824031e-06 
EGO 6 1.678035 1.058742 1.058742 0.0805515 0.006816684 0.002644559 0.002644559 0.0001995177 0.0001995177 0.0001995177 0.0001995177 0.0001995177 0.0001995177 0.0001995177 0.0001995177 0.0001995177 0.0001995177 0.0001995177 0.0001995177 
TREGO 6 1.678035 1.212962 0.4567553 0.0344278 0.001679186 0.0008805847 0.0007063772 0.000291624 0.000291624 0.000291624 5.096707e-06 -3.957278e-07 -3.957278e-07 -4.192961e-07 -4.192961e-07 -4.192961e-07 -4.192961e-07 -4.20607e-07 -4.20607e-07 
RSO 7 1.31405 0.03931653 0.03931653 0.03931653 0.03360408 0.02220619 0.003236478 1.260507e-06 1.260507e-06 1.260507e-06 1.260507e-06 1.260507e-06 1.260507e-06 1.260507e-06 1.260507e-06 1.260507e-06 1.260507e-06 1.260507e-06 1.260507e-06 
EGO 7 1.31405 1.31405 1.0566 0.4245841 0.03293339 0.0231568 0.0007732853 0.0007732853 5.136434e-05 5.136434e-05 5.136434e-05 5.136434e-05 5.136434e-05 5.136434e-05 5.136434e-05 5.136434e-05 5.136434e-05 5.136434e-05 5.136434e-05 
TREGO 7 1.31405 1.31405 0.759387 0.2769241 0.02593933 0.009997456 0.0005349861 0.0002565147 0.0002565147 0.0001249029 0.0001249029 0.0001249029 2.178661e-06 2.178661e-06 2.178661e-06 2.178661e-06 2.178661e-06 2.178661e-06 -4.200308e-07 
RSO 8 1.644365 1.644365 0.2509446 0.108973 0.0003852294 0.0003852294 0.0003852294 0.0003852294 0.0003852294 0.0001684182 0.0001684182 0.0001684182 0.0001684182 0.0001684182 0.0001684182 0.0001684182 0.0001684182 0.0001684182 0.0001684182 
EGO 8 1.644365 1.644365 0.3034559 0.2595816 0.02379202 0.02379202 0.002413153 0.002413153 0.001081616 7.302466e-05 7.302466e-05 7.302466e-05 7.302466e-05 7.302466e-05 7.302466e-05 7.302466e-05 7.302466e-05 7.302466e-05 7.302466e-05 
TREGO 8 1.644365 1.644365 0.3553253 0.1392096 0.02885229 0.02885229 0.003049524 0.0006512039 0.0006512039 -3.863443e-07 -3.863443e-07 -3.863443e-07 -3.863443e-07 -3.863443e-07 -3.863443e-07 -4.455126e-07 -4.455126e-07 -4.455126e-07 -4.455126e-07 
RSO 9 1.821226 0.310232 0.2537743 0.007486351 6.152661e-06 6.152661e-06 6.152661e-06 6.152661e-06 6.152661e-06 6.152661e-06 6.152661e-06 6.152661e-06 6.152661e-06 6.152661e-06 6.152661e-06 6.152661e-06 6.152661e-06 6.152661e-06 6.152661e-06 
EGO 9 1.821226 0.3772199 0.2748015 0.01144246 0.01144246 0.01144246 0.01144246 0.0005048237 0.0004569237 0.0004569237 0.0002173005 0.0002173005 0.0002173005 0.0002173005 0.0002173005 0.0002173005 0.0002173005 0.0002173005 0.0002173005 
TREGO 9 1.821226 0.6340536 0.209004 0.209004 0.01732981 0.01732981 0.0001101422 0.0001101422 0.0001101422 0.0001101422 8.707389e-05 1.18284e-05 1.18284e-05 1.18284e-05 1.18284e-05 2.244464e-06 2.244464e-06 -8.494435e-08 -8.494435e-08 
RSO 10 1.04252 1.04252 0.1250898 0.006051892 0.001984212 1.084268e-05 1.084268e-05 1.084268e-05 1.084268e-05 1.084268e-05 1.084268e-05 1.084268e-05 1.084268e-05 1.084268e-05 1.084268e-05 1.084268e-05 1.084268e-05 1.084268e-05 1.084268e-05 
EGO 10 1.04252 1.04252 0.1250861 0.09263375 0.007003062 0.0004279689 0.0004279689 0.0001625315 0.0001625315 0.0001625315 0.0001625315 0.0001625315 0.0001625315 0.0001625315 0.0001625315 0.0001625315 0.0001625315 0.0001625315 0.0001625315 
TREGO 10 1.04252 1.04252 0.1214585 0.05443494 0.0102708 0.001612181 0.0003689186 3.00866e-05 3.00866e-05 5.434477e-06 9.546321e-07 9.546321e-07 -1.454248e-07 -4.040391e-07 -4.040391e-07 -4.040391e-07 -4.040391e-07 -4.040391e-07 -4.040391e-07 
RSO 11 1.336865 1.336865 0.7140647 0.1810274 0.002821029 0.002821029 0.0009788773 0.0009788773 0.0009788773 0.0001321671 0.0001321671 0.0001321671 0.0001321671 0.0001321671 0.0001321671 0.0001321671 0.0001321671 0.0001321671 0.0001321671 
EGO 11 1.336865 1.336865 1.336865 0.1128641 0.006892014 0.006892014 0.0008575562 0.0005415236 0.0003425551 0.0003425551 0.0003425551 0.0003425551 0.0002318236 0.0002318236 0.0002318236 0.0002318236 0.0002318236 0.0002318236 0.0001544786 
TREGO 11 1.336865 1.336865 1.336865 0.100345 0.07466778 0.02161039 0.01671533 0.0001502367 0.0001502367 0.0001502367 0.0001502367 0.0001317037 2.448853e-05 2.448853e-05 2.448853e-05 -4.984993e-08 -4.19188e-07 -4.19188e-07 -4.19188e-07 
RSO 12 0.6300158 0.6300158 0.6300158 0.1276112 0.09455643 0.00151754 0.0001381797 5.570024e-05 5.570024e-05 5.570024e-05 5.570024e-05 5.570024e-05 5.570024e-05 5.570024e-05 5.570024e-05 5.570024e-05 5.570024e-05 5.570024e-05 5.570024e-05 
EGO 12 0.6300158 0.6300158 0.6300158 0.4677904 0.002975952 0.002975952 0.002975952 0.002975952 0.0001197925 0.0001197925 0.0001197925 0.0001197925 0.0001197925 0.0001197925 0.0001197925 0.0001197925 0.0001197925 0.0001197925 0.0001197925 
TREGO 12 0.6300158 0.6300158 0.6300158 0.1469065 0.09642993 0.0006891672 0.0006891672 0.0006891672 1.575302e-05 1.575302e-05 1.575302e-05 1.575302e-05 1.575302e-05 1.575302e-05 1.575302e-05 1.575302e-05 1.575302e-05 -3.919367e-07 -3.919367e-07 
RSO 13 1.358702 1.265638 0.1003519 0.0249868 5.907025e-05 5.907025e-05 5.907025e-05 5.907025e-05 5.907025e-05 5.907025e-05 5.907025e-05 5.907025e-05 5.907025e-05 9.607881e-06 9.607881e-06 9.607881e-06 9.607881e-06 9.607881e-06 9.607881e-06 
EGO 13 1.358702 1.358702 0.4645279 0.0713519 0.01573876 0.009959935 0.0001706886 0.0001706886 0.0001706886 0.0001706886 0.0001706886 0.0001706886 0.0001706886 0.0001706886 0.0001706886 0.0001706886 0.0001706886 0.0001706886 0.0001706886 
TREGO 13 1.358702 1.265687 0.1050138 0.1050138 0.006580539 0.002510086 0.002510086 0.0004097615 0.0004097615 0.0004097615 0.0004097615 0.0003970027 3.475087e-06 3.475087e-06 3.475087e-06 3.475087e-06 3.475087e-06 -2.817919e-07 -2.817919e-07 
RSO 14 0.8782148 0.8782148 0.8782148 0.1634531 0.0441899 0.001175239 0.0006259654 2.591e-05 2.591e-05 2.591e-05 2.591e-05 2.591e-05 2.591e-05 2.591e-05 2.591e-05 2.591e-05 2.591e-05 2.591e-05 2.591e-05 
EGO 14 0.8782148 0.8782148 0.7963779 0.04626069 0.04626069 0.005207138 0.005207138 0.003624801 1.944417e-05 1.944417e-05 1.944417e-05 1.944417e-05 1.944417e-05 1.944417e-05 1.944417e-05 1.944417e-05 1.944417e-05 1.944417e-05 1.944417e-05 
TREGO 14 0.8782148 0.8782148 0.8782148 0.1587825 0.009900868 0.0009597463 0.0009597463 0.0009597463 0.0001903436 0.0001903436 4.060908e-05 1.423967e-06 1.423967e-06 1.423967e-06 1.423967e-06 1.423967e-06 -7.827049e-08 -4.426958e-07 -4.426958e-07 
RSO 15 1.001437 1.001437 0.9951443 0.01499171 0.01499171 0.01499171 0.002688448 8.317887e-05 8.317887e-05 8.317887e-05 8.317887e-05 8.317887e-05 8.317887e-05 8.317887e-05 8.317887e-05 8.317887e-05 8.317887e-05 8.317887e-05 8.317887e-05 
EGO 15 1.001437 1.001437 1.001437 1.001437 0.2007984 0.03588018 0.01518059 0.0005902839 0.0003611359 0.0003611359 0.0003611359 0.0003611359 0.0003611359 0.0003611359 0.0003611359 0.0003611359 0.0003611359 0.0003611359 0.0003611359 
TREGO 15 1.001437 1.001437 1.001437 0.3686307 0.003142182 0.003142182 0.003142182 0.0005618196 0.0005618196 0.0005618196 5.808001e-05 5.808001e-05 5.808001e-05 5.808001e-05 5.808001e-05 2.783507e-05 2.783507e-05 -4.433807e-07 -4.433807e-07 
RSO 16 0.1251251 0.1251251 0.1202435 0.002714682 1.29407e-07 1.29407e-07 1.29407e-07 1.29407e-07 1.29407e-07 1.29407e-07 1.29407e-07 1.29407e-07 1.29407e-07 1.29407e-07 1.29407e-07 1.29407e-07 1.29407e-07 1.29407e-07 1.29407e-07 
EGO 16 0.1251251 0.1251251 0.1202473 0.005512226 0.001223466 0.001223466 0.001223466 0.001223466 0.001223466 0.0002193134 0.0002193134 0.0001847107 0.0001847107 0.0001847107 0.0001847107 0.0001847107 0.0001847107 6.200807e-05 6.200807e-05 
TREGO 16 0.1251251 0.1251251 0.1251251 0.004428509 0.004428509 1.228689e-05 1.228689e-05 5.021813e-06 5.021813e-06 -8.379178e-08 -8.379178e-08 -8.379178e-08 -8.379178e-08 -3.750138e-07 -3.882276e-07 -3.882276e-07 -3.943858e-07 -3.943858e-07 -4.517258e-07 
RSO 17 0.5962975 0.08752111 0.01140305 1.94912e-05 1.94912e-05 1.94912e-05 1.94912e-05 1.94912e-05 1.94912e-05 1.94912e-05 1.94912e-05 1.94912e-05 1.94912e-05 1.94912e-05 1.94912e-05 1.94912e-05 1.94912e-05 1.94912e-05 1.94912e-05 
EGO 17 0.5962975 0.08542885 0.08542885 0.08542885 0.001120342 0.001120342 0.001120342 0.001120342 2.188738e-05 2.188738e-05 2.188738e-05 2.188738e-05 2.188738e-05 2.188738e-05 2.188738e-05 2.188738e-05 2.188738e-05 2.188738e-05 2.188738e-05 
TREGO 17 0.5962975 0.08386848 0.08386848 0.03577317 0.004485137 6.729905e-06 6.729905e-06 6.729905e-06 6.729905e-06 1.111054e-06 -2.202579e-08 -2.202579e-08 -3.2061e-07 -3.35342e-07 -4.238462e-07 -4.402869e-07 -4.402869e-07 -4.402869e-07 -4.402869e-07 
RSO 18 1.002736 0.1549403 0.1549403 0.07954122 0.02613248 0.0002148169 2.69876e-05 2.69876e-05 2.69876e-05 2.69876e-05 2.69876e-05 2.69876e-05 2.69876e-05 2.69876e-05 2.69876e-05 2.69876e-05 2.69876e-05 2.69876e-05 2.69876e-05 
EGO 18 1.002736 1.002736 1.002736 0.04262608 0.01935209 0.0001945902 0.0001945902 0.000157534 0.000157534 0.000157534 0.000157534 0.000157534 0.000157534 0.000157534 0.000157534 0.000157534 0.000157534 0.000157534 0.000157534 
TREGO 18 1.002736 1.002736 1.002736 0.2458813 0.00277295 0.00277295 6.929864e-05 6.929864e-05 6.929864e-05 6.929864e-05 4.066735e-06 4.066735e-06 4.066735e-06 4.066735e-06 2.018113e-06 2.018113e-06 2.018113e-06 1.569497e-07 1.569497e-07 
RSO 19 0.1603134 0.1603134 0.1603134 0.1603134 0.01677742 0.00403082 1.443859e-05 1.443859e-05 1.443859e-05 1.443859e-05 1.443859e-05 1.443859e-05 1.443859e-05 1.443859e-05 1.443859e-05 1.443859e-05 1.443859e-05 1.443859e-05 1.443859e-05 
EGO 19 0.1603134 0.138322 0.138322 0.138322 0.003080863 0.003080863 0.003080863 0.003080863 0.0004628033 0.000462216 0.0002268307 0.0002268307 0.0002268307 0.0002268307 0.0002268307 0.0002268307 0.0002268307 0.0002268307 0.0002268307 
TREGO 19 0.1603134 0.1603134 0.1603134 0.1603134 0.0440602 0.0006876075 0.0006876075 0.0006876075 0.0006876075 0.0004518521 3.221257e-05 3.221257e-05 3.221257e-05 3.221257e-05 3.221257e-05 3.221257e-05 3.221257e-05 3.221257e-05 3.221257e-05 
RSO 20 0.9480146 0.9480146 0.9459468 0.1632722 0.003141181 1.280576e-05 1.280576e-05 1.280576e-05 1.280576e-05 1.280576e-05 1.280576e-05 1.280576e-05 1.280576e-05 1.280576e-05 1.280576e-05 1.280576e-05 1.280576e-05 1.280576e-05 1.280576e-05 
EGO 20 0.9480146 0.9480146 0.9480146 0.0007748195 0.0007748195 0.0007748195 0.0007748195 0.0007748195 0.0005634354 0.0002269848 0.0001833054 0.0001833054 0.0001833054 7.369581e-05 7.369581e-05 7.369581e-05 7.369581e-05 7.369581e-05 7.369581e-05 
TREGO 20 0.9480146 0.9480146 0.1804248 0.1804248 0.00368829 0.0003199202 0.0003199202 7.106965e-05 7.106965e-05 2.466095e-05 -3.762342e-07 -3.762342e-07 -3.762342e-07 -3.762342e-07 -3.762342e-07 -3.762342e-07 -3.762342e-07 -3.762342e-07 -3.762342e-07 
