RSO 1 0.185 0.17 0.17 0.17 0.17 0.155 0.155 0.155 0.155 
EGO 1 0.185 0.17 0.16 0.16 0.16 0.16 0.155 0.155 0.155 
TREGO 1 0.185 0.18 0.155 0.155 0.155 0.155 0.155 0.155 0.155 
RSO 2 0.175 0.175 0.175 0.175 0.175 0.17 0.17 0.17 0.165 
EGO 2 0.175 0.175 0.17 0.17 0.17 0.165 0.165 0.165 0.165 
TREGO 2 0.175 0.165 0.165 0.16 0.16 0.16 0.16 0.16 0.16 
RSO 3 0.175 0.175 0.17 0.16 0.16 0.155 0.155 0.155 0.155 
EGO 3 0.175 0.17 0.17 0.17 0.165 0.165 0.165 0.165 0.165 
TREGO 3 0.175 0.175 0.17 0.165 0.165 0.165 0.165 0.165 0.16 
RSO 4 0.175 0.165 0.165 0.165 0.165 0.165 0.165 0.165 0.165 
EGO 4 0.175 0.165 0.165 0.165 0.165 0.165 0.165 0.165 0.16 
TREGO 4 0.175 0.175 0.17 0.165 0.165 0.165 0.165 0.165 0.165 
RSO 5 0.16 0.16 0.16 0.16 0.16 0.155 0.155 0.155 0.155 
EGO 5 0.16 0.16 0.16 0.16 0.155 0.155 0.155 0.155 0.155 
TREGO 5 0.16 0.155 0.155 0.155 0.155 0.155 0.155 0.155 0.155 
RSO 6 0.185 0.18 0.16 0.16 0.16 0.16 0.16 0.16 0.16 
EGO 6 0.185 0.185 0.185 0.18 0.18 0.18 0.175 0.16 0.16 
TREGO 6 0.185 0.17 0.17 0.17 0.17 0.16 0.16 0.16 0.16 
RSO 7 0.175 0.16 0.16 0.16 0.16 0.16 0.16 0.16 0.16 
EGO 7 0.175 0.175 0.175 0.165 0.165 0.165 0.165 0.165 0.165 
TREGO 7 0.175 0.175 0.16 0.16 0.16 0.16 0.16 0.16 0.16 
RSO 8 0.17 0.17 0.17 0.16 0.16 0.16 0.16 0.16 0.16 
EGO 8 0.17 0.17 0.17 0.17 0.17 0.17 0.17 0.17 0.17 
TREGO 8 0.17 0.165 0.165 0.145 0.145 0.145 0.145 0.145 0.145 
RSO 9 0.185 0.175 0.17 0.165 0.165 0.165 0.165 0.165 0.165 
EGO 9 0.185 0.18 0.15 0.15 0.145 0.145 0.145 0.145 0.145 
TREGO 9 0.185 0.175 0.175 0.175 0.175 0.16 0.16 0.16 0.16 
RSO 10 0.175 0.175 0.175 0.175 0.175 0.175 0.165 0.165 0.165 
EGO 10 0.175 0.175 0.175 0.16 0.16 0.15 0.15 0.15 0.15 
TREGO 10 0.175 0.175 0.175 0.175 0.175 0.17 0.17 0.17 0.165 
RSO 11 0.17 0.17 0.17 0.17 0.17 0.17 0.17 0.17 0.155 
EGO 11 0.17 0.17 0.17 0.17 0.16 0.155 0.155 0.155 0.155 
TREGO 11 0.17 0.17 0.165 0.165 0.165 0.165 0.165 0.165 0.165 
RSO 12 0.175 0.175 0.175 0.175 0.175 0.165 0.165 0.165 0.165 
EGO 12 0.175 0.17 0.165 0.165 0.16 0.16 0.16 0.16 0.16 
TREGO 12 0.175 0.17 0.165 0.165 0.145 0.145 0.145 0.145 0.145 
RSO 13 0.155 0.155 0.155 0.155 0.155 0.155 0.155 0.155 0.155 
EGO 13 0.155 0.155 0.155 0.155 0.155 0.155 0.155 0.155 0.155 
TREGO 13 0.155 0.155 0.155 0.155 0.155 0.15 0.15 0.15 0.15 
RSO 14 0.18 0.18 0.17 0.17 0.17 0.16 0.16 0.155 0.155 
EGO 14 0.18 0.18 0.18 0.175 0.175 0.175 0.175 0.175 0.175 
TREGO 14 0.18 0.175 0.175 0.17 0.17 0.17 0.17 0.17 0.17 
RSO 15 0.16 0.16 0.16 0.16 0.16 0.16 0.16 0.16 0.16 
EGO 15 0.16 0.16 0.16 0.16 0.16 0.16 0.16 0.16 0.16 
TREGO 15 0.16 0.16 0.16 0.16 0.16 0.16 0.16 0.16 0.16 
