RSO 1 0.3181818 0.3181818 0.3181818 0.3181818 0.3181818 0.3181818 0.3181818 0.3181818 0.3125541 
EGO 1 0.3181818 0.3181818 0.3134199 0.3134199 0.3134199 0.302381 0.302381 0.302381 0.302381 
TREGO 1 0.3181818 0.3025974 0.2898268 0.2898268 0.2898268 0.2898268 0.2898268 0.2898268 0.2898268 
RSO 2 0.3318182 0.3047619 0.2900433 0.2852814 0.2852814 0.2852814 0.2852814 0.2852814 0.2852814 
EGO 2 0.3318182 0.3194805 0.3194805 0.3194805 0.308658 0.308658 0.308658 0.308658 0.3082251 
TREGO 2 0.3318182 0.3227273 0.2995671 0.2995671 0.2841991 0.2841991 0.2841991 0.2841991 0.2612554 
RSO 3 0.3707792 0.3668831 0.3668831 0.3374459 0.2941558 0.2941558 0.2902597 0.2850649 0.2850649 
EGO 3 0.3707792 0.3601732 0.3601732 0.3562771 0.2859307 0.2859307 0.2859307 0.2859307 0.2859307 
TREGO 3 0.3707792 0.3030303 0.2748918 0.2748918 0.2748918 0.2748918 0.2748918 0.2748918 0.2748918 
RSO 4 0.3787879 0.3787879 0.3738095 0.3634199 0.3634199 0.3365801 0.3348485 0.3348485 0.3348485 
EGO 4 0.3787879 0.3787879 0.3731602 0.3731602 0.3731602 0.3731602 0.3731602 0.3731602 0.3731602 
TREGO 4 0.3787879 0.3779221 0.3779221 0.3318182 0.3084416 0.3084416 0.2989177 0.2943723 0.2935065 
RSO 5 0.354329 0.3225108 0.3225108 0.3032468 0.3032468 0.3032468 0.3032468 0.2941558 0.2857143 
EGO 5 0.354329 0.354329 0.3458874 0.3183983 0.2844156 0.2844156 0.2844156 0.2844156 0.2844156 
TREGO 5 0.354329 0.3404762 0.3367965 0.3320346 0.3320346 0.312987 0.312987 0.312987 0.312987 
RSO 6 0.3309524 0.2993506 0.2993506 0.2993506 0.2993506 0.2993506 0.2993506 0.2993506 0.2993506 
EGO 6 0.3309524 0.3309524 0.3309524 0.3309524 0.3309524 0.3270563 0.3220779 0.3220779 0.3220779 
TREGO 6 0.3309524 0.3309524 0.3309524 0.280303 0.280303 0.280303 0.280303 0.280303 0.280303 
RSO 7 0.3116883 0.3116883 0.3116883 0.2991342 0.2991342 0.2991342 0.2991342 0.2991342 0.2991342 
EGO 7 0.3116883 0.3116883 0.3054113 0.2790043 0.2790043 0.2790043 0.2790043 0.2790043 0.2790043 
TREGO 7 0.3116883 0.3116883 0.3116883 0.2952381 0.2952381 0.2952381 0.2952381 0.2952381 0.2952381 
RSO 8 0.3699134 0.3699134 0.369697 0.369697 0.369697 0.3688312 0.3064935 0.3032468 0.2997835 
EGO 8 0.3699134 0.3645022 0.3645022 0.3645022 0.3645022 0.3645022 0.3645022 0.3645022 0.3138528 
TREGO 8 0.3699134 0.3699134 0.3699134 0.3634199 0.3177489 0.3177489 0.317316 0.2937229 0.2937229 
RSO 9 0.3170996 0.3170996 0.3170996 0.3170996 0.3170996 0.3170996 0.3170996 0.3170996 0.3071429 
EGO 9 0.3170996 0.3 0.2800866 0.2800866 0.2800866 0.2800866 0.2800866 0.2800866 0.2800866 
TREGO 9 0.3170996 0.3170996 0.3170996 0.3170996 0.2993506 0.2993506 0.2993506 0.2993506 0.2993506 
RSO 10 0.374026 0.3088745 0.2839827 0.2839827 0.2839827 0.2839827 0.2839827 0.2839827 0.2839827 
EGO 10 0.374026 0.3699134 0.3699134 0.330303 0.330303 0.2807359 0.2807359 0.2807359 0.2807359 
TREGO 10 0.374026 0.3692641 0.3692641 0.3690476 0.3690476 0.3556277 0.3556277 0.3556277 0.3409091 
RSO 11 0.384632 0.3794372 0.3787879 0.2937229 0.2937229 0.2937229 0.2937229 0.2937229 0.2937229 
EGO 11 0.384632 0.374026 0.3590909 0.3590909 0.3590909 0.3590909 0.3590909 0.3590909 0.3406926 
TREGO 11 0.384632 0.3642857 0.3367965 0.3119048 0.2939394 0.2939394 0.2939394 0.2939394 0.2939394 
RSO 12 0.3233766 0.3233766 0.3233766 0.3233766 0.3138528 0.3073593 0.3073593 0.2844156 0.2844156 
EGO 12 0.3233766 0.3233766 0.3233766 0.3233766 0.2945887 0.2945887 0.2945887 0.275974 0.275974 
TREGO 12 0.3233766 0.3233766 0.3233766 0.3233766 0.3170996 0.3170996 0.3170996 0.3170996 0.304329 
RSO 13 0.3686147 0.2857143 0.2857143 0.2857143 0.2857143 0.2857143 0.2857143 0.2857143 0.2857143 
EGO 13 0.3686147 0.3686147 0.3686147 0.3277056 0.3277056 0.3277056 0.2950216 0.2939394 0.2790043 
TREGO 13 0.3686147 0.3686147 0.3350649 0.2854978 0.2854978 0.2854978 0.2854978 0.2854978 0.2854978 
RSO 14 0.3742424 0.2995671 0.2904762 0.2904762 0.2904762 0.2904762 0.2904762 0.2904762 0.2904762 
EGO 14 0.3742424 0.3742424 0.3742424 0.3662338 0.3454545 0.3454545 0.3454545 0.3454545 0.3266234 
TREGO 14 0.3742424 0.337013 0.3367965 0.3084416 0.3084416 0.3084416 0.3030303 0.3030303 0.2859307 
RSO 15 0.3785714 0.354329 0.3469697 0.3125541 0.3125541 0.3041126 0.2941558 0.284632 0.2839827 
EGO 15 0.3785714 0.3785714 0.3733766 0.3603896 0.3603896 0.3603896 0.3212121 0.2755411 0.2755411 
TREGO 15 0.3785714 0.3677489 0.3677489 0.3677489 0.3677489 0.3677489 0.3638528 0.3313853 0.3071429 
