RSO 1 2.138225 2.138225 1.199637 0.02144291 0.0002842688 5.082819e-05 1.21349e-06 1.21349e-06 1.21349e-06 1.21349e-06 1.21349e-06 1.21349e-06 1.21349e-06 1.21349e-06 1.21349e-06 1.21349e-06 1.21349e-06 1.21349e-06 1.21349e-06 
EGO 1 2.138225 1.736944 1.736944 0.4352104 0.1123453 0.0171908 0.0171908 0.005392931 0.005392931 0.005392931 0.0001308593 0.0001308593 0.0001308593 0.0001308593 0.0001308593 0.0001308593 0.0001308593 0.0001308593 0.0001308593 
TREGO 1 2.138225 1.447174 0.1164004 0.1164004 0.03510711 0.009657785 0.009657785 0.009657785 0.009657785 0.003840561 0.003840561 0.003840561 0.003840561 0.003503483 2.962741e-05 2.962741e-05 2.962741e-05 2.962741e-05 2.962741e-05 
RSO 2 2.258663 1.159913 0.5812206 0.05018629 0.005537171 0.0003079891 4.842706e-06 2.750052e-06 2.750052e-06 2.750052e-06 2.750052e-06 2.750052e-06 2.750052e-06 2.750052e-06 2.750052e-06 2.750052e-06 2.750052e-06 2.750052e-06 2.750052e-06 
EGO 2 2.258663 1.337787 1.062323 1.062323 1.050938 0.747565 0.07471156 0.008167671 0.005889143 0.005889143 0.005889143 0.005889143 0.005889143 0.005889143 0.005889143 0.005889143 0.005889143 0.0003726274 0.0003726274 
TREGO 2 2.258663 1.255832 1.042085 0.6229174 0.4369674 0.007296924 0.007296924 0.0002397883 0.0002397883 0.0002397883 0.0002397883 0.0002397883 0.0002397883 0.0002397883 0.0002397883 3.919151e-05 3.919151e-05 3.919151e-05 3.919151e-05 
RSO 3 1.022938 1.022938 1.022938 0.4310812 0.001662037 0.001662037 0.001662037 0.001662037 0.001662037 0.001662037 0.001662037 0.0001256317 0.0001256317 0.0001256317 0.0001256317 0.0001256317 0.0001256317 0.0001256317 0.0001256317 
EGO 3 1.022938 1.022938 0.9465447 0.3981861 0.1180865 0.05117488 0.05117488 0.001079255 0.001079255 0.001079255 0.001079255 0.001079255 0.001079255 0.001079255 0.001079255 0.001079255 0.001079255 0.001079255 0.001079255 
TREGO 3 1.022938 0.7439115 0.091187 0.02749063 0.006261853 0.006261853 0.004730871 4.924994e-05 4.924994e-05 4.924994e-05 4.924994e-05 4.924994e-05 4.924994e-05 4.924994e-05 4.924994e-05 4.924994e-05 6.919444e-06 1.582033e-06 1.582033e-06 
RSO 4 2.136668 0.8472554 0.1719709 0.04849512 5.623374e-05 5.623374e-05 5.623374e-05 5.623374e-05 5.623374e-05 5.623374e-05 5.623374e-05 5.623374e-05 5.623374e-05 5.623374e-05 5.623374e-05 5.623374e-05 5.623374e-05 5.623374e-05 5.623374e-05 
EGO 4 2.136668 1.012127 0.5693239 0.02735677 0.02735677 0.00800044 0.00800044 0.00800044 0.00800044 0.00800044 0.00800044 0.00800044 0.00800044 0.005622516 0.005622516 0.001938192 0.001938192 0.001938192 0.001938192 
TREGO 4 2.136668 0.3825252 0.001181726 0.001181726 0.001181726 0.001181726 0.001181726 0.001181726 0.001181726 0.001181726 0.001181726 0.001181726 0.001181726 0.001181726 0.001181726 0.001181726 0.001181726 0.001181726 0.0006840905 
RSO 5 1.388594 1.388594 1.388594 0.989793 0.9677876 0.9640828 0.8671274 0.06592597 0.0025306 6.695188e-05 6.695188e-05 6.695188e-05 6.695188e-05 6.695188e-05 6.695188e-05 6.695188e-05 6.695188e-05 6.695188e-05 6.695188e-05 
EGO 5 1.388594 1.388594 1.388594 1.001155 0.9572654 0.004795912 0.004795912 0.003979009 0.0002853616 0.0002853616 0.0002853616 0.0002853616 0.0002853616 0.0001349767 0.0001349767 0.0001349767 0.0001349767 0.0001349767 0.0001349767 
TREGO 5 1.388594 1.388594 1.0215 0.7073703 0.02132152 0.02132152 0.02132152 0.005383163 0.000220135 0.000220135 0.000220135 0.000220135 0.000220135 0.000220135 0.000220135 0.000220135 0.000220135 0.000220135 0.000220135 
RSO 6 1.604113 1.604113 1.151873 0.9488901 0.9488901 0.2309989 0.09982154 0.001316551 0.001316551 0.001316551 0.001316551 0.001316551 0.001316551 0.001316551 0.001316551 0.001316551 0.001316551 0.001316551 0.001316551 
EGO 6 1.604113 1.595445 0.9593121 0.9593121 0.9593121 0.03145324 0.03145324 0.005196537 0.005196537 0.005196537 0.005196537 0.005196537 0.005196537 0.0005482029 0.0005482029 0.0005482029 0.0005482029 0.0005482029 0.0005482029 
TREGO 6 1.604113 1.604113 0.961474 0.9503134 0.3597679 0.03842709 0.0008018566 0.0006548307 0.0006548307 0.0006548307 0.0006548307 2.565426e-05 2.565426e-05 2.565426e-05 2.565426e-05 2.565426e-05 2.565426e-05 2.565426e-05 2.565426e-05 
RSO 7 0.6140979 0.04063777 0.003320598 7.211673e-05 5.62856e-06 5.62856e-06 5.62856e-06 5.62856e-06 5.62856e-06 5.62856e-06 5.62856e-06 5.62856e-06 5.62856e-06 5.62856e-06 5.62856e-06 5.62856e-06 5.62856e-06 5.62856e-06 5.62856e-06 
EGO 7 0.6140979 0.4030661 0.02360757 0.002077539 0.002077539 0.002077539 0.002077539 0.002077539 0.002077539 0.002077539 0.002077539 0.002077539 0.002077539 0.002077539 0.002077539 0.002077539 0.002077539 0.002077539 0.002077539 
TREGO 7 0.6140979 0.04063751 0.01875237 0.01875237 0.009867018 0.009867018 0.009867018 0.009867018 0.003511178 0.003511178 0.003511178 0.0003873054 0.0003873054 0.0003873054 0.0003873054 0.0003873054 0.0003873054 0.0003873054 0.0003873054 
RSO 8 2.109264 1.456341 1.409847 1.406793 1.378013 1.373305 1.373067 1.373018 1.373018 1.373018 0.9815116 0.9519557 0.9519557 0.3072304 0.01164307 0.001239533 3.725956e-05 3.725956e-05 3.725956e-05 
EGO 8 2.109264 2.077513 1.003713 1.003713 0.345236 0.345236 0.02166514 0.003120923 0.003120923 0.003120923 0.003120923 0.003120923 0.003120923 0.003120923 0.003120923 0.003120923 0.003120923 0.003120923 0.001398886 
TREGO 8 2.109264 1.456341 1.454458 1.169897 1.093214 0.9711259 0.6969516 0.1038763 0.008940153 0.004766734 0.0008491436 0.0008491436 0.0008491436 0.0008491436 0.0008491436 0.0008491436 0.0008491436 0.0008491436 0.0008491436 
RSO 9 2.215511 1.41217 1.407673 1.400081 1.395881 1.392279 1.388551 1.385664 1.381508 1.377949 1.374344 1.373018 1.373018 1.373018 1.373018 1.373018 1.373018 1.373018 1.315977 
EGO 9 2.215511 1.417462 1.417462 0.9837071 0.9837071 0.9837071 0.2352595 0.04500504 0.04500504 0.007511732 0.007511732 0.0003330761 0.0003330761 0.0003330761 0.0003330761 0.0003330761 0.0003330761 0.0003330761 0.0003330761 
TREGO 9 2.215511 1.41776 1.41776 1.41776 1.41776 1.41776 1.41776 1.219241 0.983752 0.983752 0.983752 0.4547684 0.108487 0.0004340332 0.0004340332 0.0004340332 0.0004340332 0.0004340332 0.0004340332 
RSO 10 1.494635 1.494635 0.966649 0.966649 0.966649 0.966649 0.256455 0.03202028 0.0004223073 0.0004223073 0.0004223073 0.0004223073 0.0004223073 0.0004223073 0.0004223073 0.0004223073 0.0004223073 0.0004223073 0.0004223073 
EGO 10 1.494635 1.004709 0.9924499 0.9924499 0.9924499 0.9634827 0.03964848 0.006838118 0.006838118 0.006838118 0.006838118 0.006838118 0.0004873441 0.0004873441 0.0004873441 0.0004873441 0.0004873441 0.0004873441 0.0004873441 
TREGO 10 1.494635 0.9792958 0.9532348 0.9532348 0.06498959 0.03160378 0.03160378 0.00467432 0.00467432 0.0002084153 0.0001382889 0.0001382889 0.0001382889 0.0001382889 0.0001382889 0.0001382889 0.0001382889 0.0001382889 0.0001382889 
RSO 11 1.09236 1.010925 0.9840943 0.9021509 0.7637703 0.6324861 0.3833846 0.1181295 0.0001240876 2.355207e-06 2.355207e-06 2.355207e-06 2.355207e-06 2.355207e-06 2.355207e-06 2.355207e-06 2.355207e-06 2.355207e-06 2.355207e-06 
EGO 11 1.09236 1.010913 1.010913 1.010913 1.010595 1.010595 1.010595 0.9239651 0.2314091 0.1843925 0.03094246 0.003222018 0.003222018 0.003222018 0.003222018 0.003222018 0.003222018 0.003222018 0.003222018 
TREGO 11 1.09236 1.010926 1.007951 1.007951 1.007951 0.6195442 0.009272314 0.0002732073 0.0002732073 0.0002732073 0.0002732073 0.0002732073 0.0002732073 0.0002732073 0.0002732073 0.0001317692 0.0001317692 0.0001317692 0.0001317692 
RSO 12 1.429329 0.3193032 0.04985222 1.812129e-05 6.449322e-06 6.449322e-06 6.449322e-06 6.449322e-06 6.449322e-06 6.449322e-06 6.449322e-06 6.449322e-06 6.449322e-06 6.449322e-06 6.449322e-06 6.449322e-06 6.449322e-06 6.449322e-06 6.449322e-06 
EGO 12 1.429329 0.4747437 0.01183568 0.01183568 0.01183568 0.01183568 0.006261474 0.006261474 0.006261474 0.006261474 0.006261474 0.006261474 0.006261474 0.006261474 0.006261474 0.006261474 0.006261474 0.0001824363 0.0001824363 
TREGO 12 1.429329 0.3758359 0.2665752 0.07297096 0.01342651 0.01342651 0.01342651 0.01342651 0.01342651 0.01342651 0.0004314747 0.0004314747 0.0004314747 0.0004314747 0.0004314747 0.0004314747 0.0004314747 0.0004314747 0.0004314747 
RSO 13 1.832786 1.832786 1.42363 1.021259 0.882898 0.5636584 0.004193245 0.0001798761 9.330239e-06 9.330239e-06 9.330239e-06 9.330239e-06 9.330239e-06 9.330239e-06 9.330239e-06 9.330239e-06 9.330239e-06 9.330239e-06 9.330239e-06 
EGO 13 1.832786 1.832786 1.48904 1.422921 1.132905 0.9147848 0.7083622 0.423395 0.1563276 0.1563276 0.1563276 0.1563276 0.001555642 0.001555642 0.001555642 0.001555642 0.001555642 0.001555642 0.001555642 
TREGO 13 1.832786 1.362895 0.4542123 0.4542123 0.02125591 0.00787224 0.00787224 0.00787224 0.00787224 0.001530233 0.001530233 0.000876079 0.000876079 0.000876079 3.931776e-05 3.931776e-05 3.931776e-05 3.931776e-05 3.931776e-05 
RSO 14 1.215212 0.9533322 0.9494847 0.9487622 0.948738 0.5642031 0.02291256 0.003618853 0.0005173524 2.244854e-05 2.244854e-05 2.244854e-05 2.244854e-05 2.244854e-05 2.244854e-05 2.244854e-05 2.244854e-05 2.244854e-05 2.244854e-05 
EGO 14 1.215212 0.9533322 0.2465111 0.2465111 0.0490146 0.01219024 0.01219024 0.001064932 0.001064932 0.001064932 0.001064932 0.001064932 0.001064932 0.001064932 5.042803e-05 5.042803e-05 5.042803e-05 5.042803e-05 5.042803e-05 
TREGO 14 1.215212 0.9533321 0.6415139 0.406028 0.2114904 0.002224711 0.002224711 0.002224711 0.002224711 0.002224711 0.002224711 0.002224711 0.002224711 0.002224711 0.002224711 0.002224711 0.002224711 0.000122695 0.000122695 
RSO 15 1.338158 1.338158 0.1321107 0.1321107 0.07863858 0.07863858 0.07863858 0.004151806 0.004151806 0.004151806 0.004151806 0.004151806 0.004151806 0.004151806 0.004151806 0.004151806 0.004151806 0.004151806 0.004151806 
EGO 15 1.338158 1.338158 0.01727927 0.01727927 0.01727927 0.01727927 4.376052e-05 4.376052e-05 4.376052e-05 4.376052e-05 4.376052e-05 4.376052e-05 4.376052e-05 4.376052e-05 4.376052e-05 4.376052e-05 4.376052e-05 4.376052e-05 4.376052e-05 
TREGO 15 1.338158 1.216661 0.4726406 0.4726406 0.1004167 0.1004167 0.02715361 0.000607192 0.000607192 0.000607192 0.000607192 0.000607192 0.000607192 0.000607192 0.000607192 0.000607192 3.249833e-05 3.249833e-05 3.249833e-05 
RSO 16 2.127505 1.303733 0.977334 0.977334 0.00736653 0.002113924 0.002113924 0.002113924 0.002113924 0.002113924 0.002113924 0.002113924 0.002113924 0.002113924 0.002113924 0.002113924 0.002113924 0.002113924 0.002113924 
EGO 16 2.127505 1.083217 0.4693995 0.09973773 0.01562455 0.01562455 0.01562455 0.0008021841 0.0008021841 0.0008021841 0.0008021841 0.0008021841 0.0008021841 0.0008021841 0.0008021841 0.0008021841 0.0008021841 0.0008021841 0.0008021841 
TREGO 16 2.127505 0.7194789 0.1946839 0.007403688 0.007403688 0.007403688 0.007403688 0.007403688 0.007403688 0.007403688 0.007403688 0.007403688 0.007403688 0.007403688 0.007403688 0.007403688 0.005819535 0.0002063312 0.0002063312 
RSO 17 1.375387 1.098371 0.7328374 0.06139109 0.01701819 0.0003805484 2.793627e-05 2.793627e-05 2.793627e-05 2.793627e-05 2.793627e-05 2.793627e-05 2.793627e-05 2.793627e-05 2.793627e-05 2.793627e-05 2.793627e-05 2.793627e-05 2.793627e-05 
EGO 17 1.375387 1.065981 0.748302 0.2840145 0.05147057 0.0290265 0.001458439 0.001458439 0.001458439 0.001458439 0.001458439 0.001458439 0.001458439 0.001458439 0.001458439 0.001458439 0.001458439 0.001458439 0.001458439 
TREGO 17 1.375387 1.098372 0.1971292 0.006946809 0.006946809 0.006946809 0.003256457 0.003256457 0.003256457 0.003256457 0.003256457 0.003256457 0.003256457 0.003256457 0.003256457 0.003256457 0.003256457 0.003256457 0.003256457 
RSO 18 0.9964907 0.9964907 0.9503379 0.9489496 0.9487384 0.9487384 0.7039797 0.00175548 0.0005390927 0.0005390927 0.0005390927 0.0005390927 0.0005390927 0.0005390927 0.0005390927 0.0005390927 0.0005390927 0.0005390927 0.0005390927 
EGO 18 0.9964907 0.9964907 0.9964907 0.9964907 0.9964907 0.9964907 0.300577 0.08852546 0.08482163 0.001231848 0.001231848 0.001231848 0.001231848 0.001231848 0.0002586305 0.0002586305 0.0002586305 0.0002586305 0.0002586305 
TREGO 18 0.9964907 0.9964907 0.9964907 0.2005238 0.007439941 0.007439941 0.007439941 0.0001090725 0.0001090725 0.0001090725 0.0001090725 0.0001090725 0.0001090725 0.0001090725 0.0001090725 0.0001090725 0.0001090725 8.245202e-06 8.245202e-06 
RSO 19 1.613215 1.613215 1.493128 1.459094 1.459094 1.361715 1.331805 0.9498784 0.7756921 0.09924897 0.01841477 0.0007297575 2.164695e-05 2.164695e-05 2.164695e-05 2.164695e-05 2.164695e-05 2.164695e-05 2.164695e-05 
EGO 19 1.613215 1.613215 1.613215 1.442005 1.442005 1.442005 0.952866 0.8652614 0.5216638 0.04269084 0.004229417 0.004229417 0.004229417 0.004229417 0.004229417 0.004229417 0.004229417 0.004229417 0.004229417 
TREGO 19 1.613215 1.613215 1.461095 1.461095 0.951453 0.951453 0.951453 0.3643592 0.04942692 0.006282497 0.006282497 0.001051638 9.959407e-05 9.959407e-05 9.959407e-05 9.959407e-05 9.959407e-05 9.959407e-05 9.959407e-05 
RSO 20 2.433373 1.411363 1.409641 1.409641 1.409641 0.9897381 0.04427769 0.04427769 0.004581112 0.004581112 0.004581112 0.001265902 0.001265902 0.001265902 0.001265902 0.001265902 0.001265902 0.001265902 0.001265902 
EGO 20 2.433373 1.411363 1.411363 0.96604 0.96604 0.002635541 0.002635541 0.002635541 0.002635541 0.002635541 0.002635541 0.002635541 0.002635541 0.0002733025 0.0002733025 0.0002733025 0.0002733025 0.0002733025 0.0002733025 
TREGO 20 2.433373 1.411363 1.411363 1.328243 0.9522285 0.9522285 0.9522285 0.5039628 0.008991659 0.008991659 0.008991659 0.008991659 0.001686383 0.001686383 0.001686383 0.001686383 0.001686383 0.001686383 0.001686383 
