RSO 1 47.61746 47.61746 47.61746 47.61746 36.70088 36.70088 36.70088 36.70088 36.70088 36.70088 6.408115 6.408115 6.408115 6.408115 6.408115 6.408115 6.408115 6.408115 6.408115 
EGO 1 47.61746 47.61746 47.61746 47.61746 47.61746 47.61746 47.61746 17.7721 17.7721 17.7721 17.7721 17.7721 2.618008 2.618008 2.618008 2.618008 2.618008 2.618008 2.618008 
TREGO 1 47.61746 47.61746 47.61746 47.61746 47.61746 47.61746 47.61746 47.61746 47.61746 28.33623 28.33623 24.59806 24.59806 0.7594367 0.7594367 0.7594367 0.7594367 0.7594367 0.7594367 
RSO 2 243.9257 243.9257 154.2811 154.2811 60.23565 28.73357 28.73357 28.73357 15.09712 15.09712 0.1341263 0.1341263 0.1341263 0.1341263 0.1341263 0.1341263 0.1341263 0.1341263 0.1341263 
EGO 2 243.9257 243.9257 221.2504 75.70691 2.594641 2.594641 2.594641 2.594641 2.594641 2.594641 2.594641 2.594641 2.594641 2.594641 2.594641 2.594641 2.540623 2.540623 2.408142 
TREGO 2 243.9257 243.9257 243.9257 90.88009 30.74379 14.6747 14.6747 14.6747 14.6747 14.6747 14.6747 1.115129 1.115129 1.115129 1.115129 1.115129 1.115129 0.2816961 0.2816961 
RSO 3 401.3304 102.0871 102.0871 102.0871 102.0871 102.0871 102.0871 5.573748 5.573748 5.573748 5.573748 5.573748 5.573748 5.573748 5.573748 5.573748 5.573748 5.573748 5.573748 
EGO 3 401.3304 95.4732 12.52894 12.52894 12.52894 12.52894 12.52894 12.52894 12.52894 12.52894 10.00429 10.00429 10.00429 10.00429 3.890496 3.890496 2.036736 2.036736 2.036736 
TREGO 3 401.3304 52.68892 52.68892 52.68892 52.68892 52.68892 52.68892 52.68892 52.68892 44.57794 44.57794 44.57794 44.57794 37.98005 37.98005 30.28661 30.28661 30.28661 30.28661 
RSO 4 83.01221 83.01221 5.043321 5.043321 5.043321 5.043321 5.043321 5.043321 5.043321 5.043321 5.043321 5.043321 5.043321 5.043321 5.043321 5.043321 5.043321 1.447618 1.447618 
EGO 4 83.01221 83.01221 5.04346 5.04346 5.04346 5.04346 5.04346 5.04346 5.04346 5.04346 5.04346 5.04346 5.04346 5.04346 5.04346 5.04346 5.04346 5.04346 5.04346 
TREGO 4 83.01221 83.01221 83.01221 83.01221 25.53429 25.53429 25.53429 25.53429 25.53429 25.53429 25.53429 25.53429 25.53429 0.8966282 0.8966282 0.8966282 0.8966282 0.8966282 0.8966282 
RSO 5 28.23085 28.23085 28.23085 21.13307 21.13307 21.13307 21.13307 21.13307 1.434004 1.434004 1.434004 1.434004 1.434004 1.434004 1.434004 1.434004 1.434004 0.9310506 0.9310506 
EGO 5 28.23085 28.23085 28.23085 28.23085 28.23085 28.23085 28.23085 28.23085 28.23085 28.23085 28.23085 28.23085 28.23085 28.23085 0.7590891 0.7590891 0.7590891 0.7590891 0.7590891 
TREGO 5 28.23085 28.23085 28.23085 28.23085 28.23085 28.23085 28.23085 19.5507 14.29179 14.29179 14.29179 14.29179 14.29179 14.29179 14.29179 1.3939 1.3939 1.3939 1.3939 
RSO 6 51.61295 51.61295 51.61295 51.61295 51.61295 51.61295 51.61295 51.61295 51.61295 37.49464 37.49464 37.49464 37.49464 28.10497 18.77916 18.77916 18.77916 18.77916 18.77916 
EGO 6 51.61295 51.61295 51.61295 51.61295 51.61295 51.61295 51.61295 51.61295 51.61295 51.61295 51.61295 51.61295 51.61295 30.49463 30.49463 21.97934 21.97934 21.97934 21.97934 
TREGO 6 51.61295 51.61295 51.61295 51.61295 51.61295 40.58132 25.7675 25.7675 25.7675 10.88846 10.88846 10.88846 8.859524 1.646581 1.646581 1.646581 1.646581 1.646581 1.646581 
RSO 7 89.37296 31.05336 31.05336 25.73291 25.73291 25.73291 25.07169 25.07169 25.07169 25.07169 25.07169 25.07169 25.07169 19.72133 1.647801 1.647801 1.647801 1.647801 1.647801 
EGO 7 89.37296 6.976609 6.976609 6.976609 6.976609 6.976609 6.976609 6.976609 6.976609 6.976609 6.976609 4.169648 4.169648 4.169648 4.169648 4.169648 4.169648 4.169648 4.169648 
TREGO 7 89.37296 89.37296 35.45829 35.45829 14.57391 14.57391 14.57391 14.57391 14.57391 4.456064 4.456064 4.456064 4.456064 4.456064 4.456064 1.679972 1.679972 1.679972 0.113906 
RSO 8 54.35315 13.43391 13.43391 13.43391 13.43391 13.43391 13.43391 13.43391 0.3703361 0.3703361 0.3703361 0.3703361 0.3703361 0.3703361 0.3703361 0.3703361 0.3703361 0.3703361 0.3703361 
EGO 8 54.35315 42.78332 42.78332 42.78332 42.78332 42.78332 42.78332 42.78332 42.78332 42.78332 30.99332 30.99332 30.99332 30.99332 30.99332 8.790448 8.790448 3.312736 3.312736 
TREGO 8 54.35315 13.43394 13.43394 13.43394 13.43394 13.43394 13.43394 13.43394 13.43394 3.223518 3.223518 3.223518 3.223518 3.223518 3.093785 3.093785 3.093785 3.093785 3.093785 
RSO 9 70.50257 70.50257 70.50257 70.50257 70.50257 70.50257 70.50257 70.50257 8.332942 8.332942 8.332942 8.332942 8.332942 5.852951 5.852951 5.852951 5.852951 5.852951 5.852951 
EGO 9 70.50257 59.72556 59.72556 59.72556 59.72556 59.72556 29.70883 29.70883 29.70883 29.70883 5.563019 5.563019 5.563019 5.563019 5.563019 5.563019 2.309895 2.309895 2.309895 
TREGO 9 70.50257 70.50257 70.50257 34.14501 34.14501 34.14501 34.14501 34.14501 34.14501 34.14501 34.14501 34.14501 34.14501 14.84627 14.84627 14.84627 14.84627 14.84627 14.84627 
RSO 10 255.9047 255.9047 224.2182 20.08963 20.08963 4.21525 4.21525 4.21525 4.21525 4.21525 4.21525 4.21525 1.235525 1.235525 1.235525 1.235525 1.235525 1.235525 1.235525 
EGO 10 255.9047 255.9047 175.5754 175.5754 18.08839 10.69651 10.69651 10.69651 10.69651 10.69651 10.69651 10.69651 10.69651 10.69651 10.69651 0.9644349 0.9644349 0.9644349 0.9644349 
TREGO 10 255.9047 255.9047 69.29911 50.27829 22.35894 22.35894 22.35894 22.35894 22.35894 22.35894 1.233535 1.233535 1.233535 1.233535 1.233535 1.233535 1.233535 1.233535 1.233535 
RSO 11 699.3599 699.3599 236.2584 25.15863 25.15863 25.15863 25.15863 25.15863 25.15863 25.15863 25.15863 25.15863 25.15863 25.15863 25.15863 25.15863 25.15863 25.15863 25.15863 
EGO 11 699.3599 699.3599 236.2566 25.15753 25.15753 25.15753 25.15753 25.15753 25.15753 25.15753 25.15753 25.15753 25.15753 25.15753 5.30353 5.30353 5.30353 5.30353 1.223984 
TREGO 11 699.3599 699.3599 51.57941 51.57941 47.70754 47.70754 47.70754 47.5671 32.37967 32.37967 32.37967 32.37967 32.37967 32.37967 32.37967 21.94372 3.795879 1.29575 0.6116868 
RSO 12 1008.964 78.89603 78.89603 78.89603 0.4490891 0.4490891 0.4490891 0.4490891 0.4490891 0.4490891 0.4490891 0.4490891 0.4490891 0.4490891 0.4490891 0.3732103 0.3732103 0.3732103 0.3732103 
EGO 12 1008.964 22.34607 22.34607 22.34607 22.34607 22.34607 22.34607 16.32001 16.32001 16.32001 16.32001 16.32001 16.32001 16.32001 16.32001 16.32001 16.32001 10.42472 3.418541 
TREGO 12 1008.964 31.29809 31.29809 18.7881 18.7881 17.1159 17.1159 17.1159 3.855074 3.855074 3.855074 3.855074 3.855074 3.855074 3.855074 3.855074 3.855074 3.855074 3.855074 
RSO 13 437.1834 312.9576 84.82526 24.08599 24.08599 24.08599 24.08599 24.08599 24.08599 0.8592374 0.8592374 0.8592374 0.8592374 0.8592374 0.8592374 0.8592374 0.8592374 0.8592374 0.8592374 
EGO 13 437.1834 312.9523 26.38284 26.38284 26.38284 26.38284 26.38284 26.38284 26.38284 24.69123 11.818 7.360972 7.360972 3.447184 3.447184 2.466719 2.466719 2.466719 2.466719 
TREGO 13 437.1834 212.0106 68.80847 0.1466604 0.1466604 0.1466604 0.1466604 0.1466604 0.1466604 0.1466604 0.1466604 0.1466604 0.1466604 0.1466604 0.1466604 0.1466604 0.1466604 0.1466604 0.1466604 
RSO 14 33.00124 33.00124 32.54176 32.54176 32.54176 32.54176 31.91078 31.91078 31.91078 4.168601 4.168601 4.168601 4.168601 4.168601 4.168601 4.168601 4.168601 4.168601 4.168601 
EGO 14 33.00124 33.00124 17.9641 17.9641 17.9641 17.9641 17.9641 17.9641 17.9641 17.9641 17.9641 15.71169 15.71169 14.97435 14.97435 14.97435 14.97435 14.97435 6.658516 
TREGO 14 33.00124 7.532127 7.532127 7.532127 7.532127 7.532127 7.532127 7.532127 7.532127 7.532127 7.532127 7.532127 7.532127 5.571501 5.571501 5.571501 5.571501 4.331542 4.331542 
RSO 15 400.7061 400.7061 12.53906 12.53906 12.53906 12.53906 12.53906 9.104516 9.104516 9.104516 9.104516 0.03215462 0.03215462 0.03215462 0.03215462 0.03215462 0.03215462 0.03215462 0.03215462 
EGO 15 400.7061 400.7061 1.965001 1.965001 1.965001 1.965001 1.965001 1.965001 1.965001 1.965001 1.965001 1.965001 1.965001 1.965001 1.965001 1.965001 1.965001 1.965001 0.8214535 
TREGO 15 400.7061 400.7061 400.7061 229.6439 89.30465 89.30465 89.30465 30.41391 30.41391 30.41391 30.41391 30.41391 30.41391 30.41391 28.6228 28.6228 28.52432 1.005202 1.005202 
RSO 16 113.7486 2.23601 2.23601 2.23601 2.23601 2.23601 2.23601 2.23601 2.23601 2.23601 2.23601 2.23601 2.23601 2.23601 2.23601 1.986235 1.986235 1.986235 1.986235 
EGO 16 113.7486 113.7486 113.7486 113.7486 31.3764 31.3764 31.3764 31.3764 31.3764 2.185662 2.185662 2.185662 2.185662 2.185662 2.185662 2.185662 2.185662 2.185662 2.185662 
TREGO 16 113.7486 113.7486 113.7486 81.53947 81.53947 81.53947 81.53947 27.78775 27.78775 2.363637 2.363637 2.363637 2.363637 2.363637 2.363637 2.363637 2.363637 2.363637 2.363637 
RSO 17 24.81312 24.81312 24.81312 24.81312 24.81312 24.81312 24.81312 24.81312 24.81312 24.81312 11.6727 11.6727 11.6727 11.6727 11.6727 2.670084 2.670084 2.670084 2.670084 
EGO 17 24.81312 24.81312 24.81312 24.81312 24.81312 24.81312 24.81312 24.81312 24.81312 7.030691 7.030691 7.030691 7.030691 2.347544 2.347544 2.347544 2.347544 2.347544 2.347544 
TREGO 17 24.81312 24.81312 24.81312 24.81312 24.81312 24.81312 24.81312 24.81312 24.81312 24.81312 24.81312 24.81312 24.81312 21.94579 3.197955 3.197955 3.197955 3.197955 2.225587 
RSO 18 798.0869 190.272 190.272 190.272 111.5891 64.9176 5.710816 5.710816 5.710816 5.710816 0.1123493 0.1123493 0.1123493 0.1123493 0.1123493 0.1123493 0.1123493 0.1123493 0.1123493 
EGO 18 798.0869 401.3213 401.3213 154.9212 20.017 20.017 6.948719 1.405129 1.405129 1.405129 1.405129 1.405129 1.405129 1.405129 1.038536 1.038536 1.038536 1.038536 1.038536 
TREGO 18 798.0869 558.1271 32.54827 32.54827 32.54827 32.54827 32.54827 32.54827 32.54827 32.54827 32.54827 22.64838 21.61467 7.815606 7.815606 7.815606 7.815606 7.815606 7.815606 
RSO 19 67.25939 67.25939 67.25939 67.25939 67.25939 56.63482 19.97674 19.97674 19.97674 19.97674 19.97674 7.800362 7.800362 7.800362 7.800362 7.800362 5.413515 5.413515 5.413515 
EGO 19 67.25939 67.25939 67.25939 67.25939 67.25939 9.980163 9.980163 9.980163 9.980163 9.980163 9.980163 9.980163 9.980163 9.980163 9.980163 7.553022 7.553022 7.553022 7.553022 
TREGO 19 67.25939 67.25939 67.25939 51.46466 51.46466 51.46466 51.46466 29.78349 29.78349 29.78349 29.78349 7.343319 7.343319 4.916586 4.916586 4.916586 1.074278 1.074278 1.074278 
RSO 20 200.3369 200.3369 200.3369 111.8625 11.4734 1.908094 1.908094 1.908094 1.908094 1.908094 1.908094 1.908094 1.908094 1.908094 1.908094 1.908094 1.908094 1.908094 1.908094 
EGO 20 200.3369 200.3369 200.3369 200.3369 128.6864 128.6864 81.26353 74.97125 13.42607 13.42607 13.42607 0.6941175 0.6941175 0.6941175 0.6941175 0.6941175 0.6941175 0.6941175 0.6941175 
TREGO 20 200.3369 16.47052 16.47052 16.47052 16.47052 16.47052 16.47052 16.47052 16.47052 0.3271004 0.3271004 0.3271004 0.3271004 0.3271004 0.3271004 0.3271004 0.3271004 0.3271004 0.3271004 
