RSO 1 0.7500559 0.3746847 0.2753586 0.2426741 0.2381132 0.2380727 0.2380727 0.007969095 0.005400242 0.0001749417 2.715878e-05 2.715878e-05 2.715878e-05 2.715878e-05 2.715878e-05 2.715878e-05 2.715878e-05 
EGO 1 0.7500559 0.6152881 0.2474142 0.2382829 0.2382829 0.2382829 0.2382829 0.1109749 0.004114476 0.000402472 3.415229e-05 3.415229e-05 3.415229e-05 3.415229e-05 3.415229e-05 3.415229e-05 3.415229e-05 
TREGO 1 0.7500559 0.3777936 0.2498887 0.23864 0.2381486 0.07459914 0.008710456 0.001303899 3.49051e-05 3.49051e-05 3.49051e-05 3.49051e-05 3.49051e-05 3.49051e-05 1.177616e-05 1.177616e-05 1.177616e-05 
RSO 2 0.5682786 0.5682786 0.04408712 0.002482111 2.010913e-05 2.010913e-05 2.010913e-05 2.010913e-05 2.010913e-05 2.010913e-05 2.010913e-05 2.010913e-05 2.010913e-05 2.010913e-05 2.010913e-05 2.010913e-05 2.010913e-05 
EGO 2 0.5682786 0.5682786 0.04399803 0.002580128 0.000306213 0.000306213 0.000306213 0.000306213 0.000306213 0.000306213 0.000306213 0.000306213 0.000306213 0.000306213 0.000306213 0.000306213 0.000306213 
TREGO 2 0.5682786 0.5682786 0.04401602 0.002558446 0.0003205527 0.0003205527 0.0003205527 0.0003205527 0.0003205527 0.0003205527 0.0003205527 0.0003205527 0.0003205527 0.0003205527 0.0003205527 7.417953e-07 7.186947e-07 
RSO 3 0.8284564 0.5122139 0.2540184 0.2387357 0.2380741 0.2380741 0.2380741 0.01238481 0.0001934751 0.0001934751 0.0001934751 0.0001934751 0.0001934751 0.0001934751 0.0001934751 0.0001934751 0.0001934751 
EGO 3 0.8284564 0.5124718 0.2540813 0.2408741 0.2388524 0.2388524 0.2388524 0.06419463 0.008523756 0.00292041 0.00292041 0.00292041 0.00292041 0.00292041 0.00292041 0.00292041 0.00292041 
TREGO 3 0.8284564 0.51203 0.2539949 0.2391605 0.2391605 0.2391605 0.09447823 0.006084362 0.001494768 0.0001114526 0.0001114526 0.0001114526 0.0001114526 0.0001114526 0.0001114526 0.0001114526 3.26128e-05 
RSO 4 1.175134 0.08351672 0.01563145 0.0001065686 1.707612e-06 1.707612e-06 1.707612e-06 1.707612e-06 1.707612e-06 1.707612e-06 1.707612e-06 1.707612e-06 1.707612e-06 1.707612e-06 1.707612e-06 1.707612e-06 1.707612e-06 
EGO 4 1.175134 0.03507651 0.0006546164 0.0006546164 0.0006546164 0.0006546164 0.0006546164 0.0006546164 0.0006546164 0.0006546164 0.0006546164 0.0006546164 0.0006546164 0.0006546164 0.0006546164 0.0006546164 0.0006546164 
TREGO 4 1.175134 0.03508902 0.0006509271 0.0006509271 0.0004169171 0.0004169171 0.0004169171 0.0004169171 0.0004169171 0.0004169171 0.0004169171 0.0004169171 0.0004169171 0.0004169171 0.0004169171 4.083291e-06 4.083291e-06 
RSO 5 0.9853637 0.1176487 0.009072951 0.0003588176 2.386854e-05 4.539289e-07 4.539289e-07 4.539289e-07 4.539289e-07 4.539289e-07 4.539289e-07 4.539289e-07 4.539289e-07 4.539289e-07 4.539289e-07 4.539289e-07 4.539289e-07 
EGO 5 0.9853637 0.1176309 0.05881869 0.002237879 3.504198e-05 3.504198e-05 3.504198e-05 3.504198e-05 3.504198e-05 3.504198e-05 3.504198e-05 3.504198e-05 3.504198e-05 3.504198e-05 3.504198e-05 3.504198e-05 3.504198e-05 
TREGO 5 0.9853637 0.1176418 0.01292951 0.001056959 0.001056959 0.001056959 1.243237e-05 1.243237e-05 1.243237e-05 1.243237e-05 1.243237e-05 1.243237e-05 1.243237e-05 1.243237e-05 9.619398e-06 9.619398e-06 4.98236e-06 
RSO 6 0.8932742 0.4880107 0.07462094 0.006586873 4.989422e-05 3.882277e-06 3.882277e-06 3.882277e-06 3.882277e-06 3.882277e-06 3.882277e-06 3.882277e-06 3.882277e-06 3.882277e-06 3.882277e-06 3.882277e-06 3.882277e-06 
EGO 6 0.8932742 0.487982 0.07797095 0.002064366 0.0003446015 0.0003446015 0.0003446015 0.0003446015 0.0003446015 0.0003446015 0.0003446015 0.0003446015 0.0003446015 0.0003446015 0.0003446015 0.0003446015 0.0003446015 
TREGO 6 0.8932742 0.3199051 0.03241911 0.0003956692 0.0001815568 0.0001815568 0.0001815568 0.0001815568 0.0001815568 0.0001815568 0.0001815568 0.0001815568 0.0001815568 3.114244e-05 3.114244e-05 2.023295e-05 1.676411e-05 
RSO 7 0.8810925 0.3316036 0.003411241 0.000698124 1.057523e-05 1.057523e-05 1.057523e-05 1.057523e-05 1.057523e-05 1.057523e-05 1.057523e-05 1.057523e-05 1.057523e-05 1.057523e-05 1.057523e-05 1.057523e-05 1.057523e-05 
EGO 7 0.8810925 0.8166848 0.5204442 0.0008342382 0.0008342382 0.0008342382 0.0001704161 0.0001704161 0.0001704161 0.0001704161 0.0001704161 0.0001704161 0.0001704161 0.0001704161 0.0001704161 0.0001704161 0.0001704161 
TREGO 7 0.8810925 0.4140255 0.1426522 0.0170385 0.0006014568 0.0006014568 0.0002839259 0.0001065985 0.0001065985 0.0001065985 0.0001065985 0.0001065985 3.748737e-05 3.748737e-05 1.904609e-05 5.79567e-07 5.50833e-07 
RSO 8 1.109872 0.4282461 0.01556468 0.0004434899 1.180657e-05 1.180657e-05 1.180657e-05 1.180657e-05 1.180657e-05 1.180657e-05 1.180657e-05 1.180657e-05 1.180657e-05 1.180657e-05 1.180657e-05 1.180657e-05 1.180657e-05 
EGO 8 1.109872 0.2146386 0.08253731 0.001499758 0.001499758 0.001499758 0.001499758 0.0001036939 0.0001036939 0.0001036939 0.0001036939 0.0001036939 0.0001036939 0.0001036939 0.0001036939 0.0001036939 0.0001036939 
TREGO 8 1.109872 0.2776714 0.01335041 0.003223765 0.0007870499 0.0006052516 0.000373653 0.000373653 0.000373653 0.000373653 0.000373653 0.000373653 0.000373653 0.000373653 0.000373653 1.18682e-05 1.145943e-05 
RSO 9 1.051797 0.01390868 0.000908713 6.411944e-05 2.201528e-05 2.201528e-05 2.201528e-05 2.201528e-05 2.201528e-05 2.201528e-05 2.201528e-05 2.201528e-05 2.201528e-05 2.201528e-05 2.201528e-05 2.201528e-05 2.201528e-05 
EGO 9 1.051797 0.4112105 0.01904939 0.0003069197 0.0003069197 0.0003069197 0.0003069197 0.0003069197 0.0003069197 1.943365e-05 1.943365e-05 1.943365e-05 1.943365e-05 1.943365e-05 1.943365e-05 1.943365e-05 1.943365e-05 
TREGO 9 1.051797 0.01390887 0.01390887 0.0008771243 0.0005641951 3.010214e-05 3.010214e-05 3.010214e-05 3.010214e-05 3.010214e-05 3.010214e-05 3.010214e-05 3.010214e-05 3.010214e-05 3.010214e-05 6.106457e-07 5.103824e-07 
RSO 10 1.325295 0.8002641 0.559945 0.2644431 0.2393071 0.2380904 0.2380784 0.2380784 0.02293012 0.002343977 0.0003392838 0.0003392838 0.0003392838 0.0003392838 0.0003392838 0.0003392838 0.0003392838 
EGO 10 1.325295 0.8002601 0.5599318 0.2644367 0.2418403 0.02260412 0.001571968 0.001571968 0.001571968 0.0008493872 0.0008493872 0.0008493872 0.0008493872 0.0008493872 0.0008493872 0.0008493872 0.0008493872 
TREGO 10 1.325295 0.8002371 0.5599669 0.2644422 0.2397612 0.2397612 0.01735848 0.001664381 0.001169563 3.622448e-05 3.622448e-05 3.622448e-05 3.622448e-05 3.622448e-05 3.622448e-05 3.622448e-05 3.622448e-05 
RSO 11 1.436009 0.7818326 0.1898191 0.04462737 0.0008458148 4.198569e-06 4.198569e-06 4.198569e-06 4.198569e-06 4.198569e-06 4.198569e-06 4.198569e-06 4.198569e-06 4.198569e-06 4.198569e-06 4.198569e-06 4.198569e-06 
EGO 11 1.436009 0.7818403 0.2502072 0.04532409 0.00156121 0.001196195 0.0005943042 0.0005943042 0.0005943042 0.0005943042 0.0005943042 0.0005943042 0.0005943042 0.0005943042 0.0005943042 0.0005943042 0.0005943042 
TREGO 11 1.436009 0.7818312 0.2501524 0.04537018 0.00110729 0.00110729 0.00110729 0.00110729 4.627825e-05 4.627825e-05 4.627825e-05 4.627825e-05 4.627825e-05 4.627825e-05 4.627825e-05 4.627825e-05 4.994858e-06 
RSO 12 0.6662106 0.3920933 0.2593066 0.2399172 0.2381622 0.2381062 0.03491975 0.00240493 0.0004537083 3.106833e-05 3.106833e-05 3.106833e-05 3.106833e-05 3.106833e-05 3.106833e-05 3.106833e-05 3.106833e-05 
EGO 12 0.6662106 0.5039796 0.1756694 0.007078702 0.007078702 0.0002086431 0.0002086431 0.0002086431 0.0002086431 0.0002086431 0.0002086431 0.0002086431 0.0002086431 0.0002086431 0.0002086431 0.0002086431 0.0002086431 
TREGO 12 0.6662106 0.5924904 0.3637677 0.2473602 0.2391351 0.2384841 0.01521202 0.002586165 0.0002358721 1.48773e-05 1.48773e-05 1.48773e-05 1.48773e-05 1.48773e-05 1.48773e-05 1.48773e-05 1.350934e-06 
RSO 13 0.7856276 0.6339177 0.2802026 0.2396634 0.2380768 0.2380768 0.2380768 0.02090835 0.001622095 6.322149e-05 6.322149e-05 6.322149e-05 6.322149e-05 6.322149e-05 6.322149e-05 6.322149e-05 6.322149e-05 
EGO 13 0.7856276 0.6338951 0.08606364 0.008940727 0.003491784 0.000927947 0.000927947 0.000927947 0.000927947 0.000927947 5.575676e-05 5.575676e-05 5.575676e-05 5.575676e-05 5.575676e-05 5.575676e-05 5.575676e-05 
TREGO 13 0.7856276 0.5422473 0.3707323 0.1036542 0.002620791 0.0001793563 0.0001793563 0.0001793563 0.0001793563 0.0001793563 0.0001793563 0.0001793563 0.0001793563 0.0001793563 2.762622e-05 2.762622e-05 8.877798e-06 
RSO 14 0.2974745 0.2865907 0.006558874 4.734665e-05 1.349575e-05 1.349575e-05 1.349575e-05 1.349575e-05 1.349575e-05 1.349575e-05 1.349575e-05 1.349575e-05 1.349575e-05 1.349575e-05 1.349575e-05 1.349575e-05 1.349575e-05 
EGO 14 0.2974745 0.1232229 0.002323553 0.0002975533 0.0002975533 0.0002867812 0.0002867812 0.0002867812 0.0002867812 0.0002867812 0.0002867812 0.0002867812 0.0002867812 0.0002867812 0.0002867812 0.0002867812 0.0002867812 
TREGO 14 0.2974745 0.2064729 0.01528078 0.0008095064 0.0007746113 0.0007746113 0.0007746113 0.0001122304 0.0001122304 0.0001122304 0.0001122304 0.0001122304 0.0001122304 1.077413e-05 3.901042e-06 8.08926e-07 2.156135e-07 
RSO 15 0.5089861 0.09057056 0.03275394 0.0009021422 0.0001152693 1.151881e-05 1.185997e-06 1.185997e-06 1.185997e-06 1.185997e-06 1.185997e-06 1.185997e-06 1.185997e-06 1.185997e-06 1.185997e-06 1.185997e-06 1.185997e-06 
EGO 15 0.5089861 0.09060216 0.07308389 0.01839232 0.0004202197 0.0004202197 0.0003402992 0.0003402992 0.0003402992 0.0003402992 0.0003402992 0.0003402992 0.0003402992 0.0003402992 0.0003402992 0.0003402992 0.0003402992 
TREGO 15 0.5089861 0.1496176 0.01278686 0.003236979 0.001893856 0.001893856 0.001893856 6.253701e-05 6.253701e-05 6.253701e-05 6.253701e-05 6.253701e-05 6.253701e-05 6.253701e-05 5.37184e-06 5.37184e-06 3.44492e-06 
RSO 16 1.244088 0.491551 0.008162316 0.004761098 4.194841e-05 4.967589e-07 4.967589e-07 4.967589e-07 4.967589e-07 4.967589e-07 4.967589e-07 4.967589e-07 4.967589e-07 4.967589e-07 4.967589e-07 4.967589e-07 4.967589e-07 
EGO 16 1.244088 0.4912757 0.02033976 0.0033584 0.0033584 0.0033584 0.001841684 8.931012e-05 8.931012e-05 8.931012e-05 8.931012e-05 8.931012e-05 8.931012e-05 8.931012e-05 8.931012e-05 8.931012e-05 8.931012e-05 
TREGO 16 1.244088 0.4911769 0.02038009 0.003427684 0.001222722 0.001222722 0.0001850898 0.0001850898 0.0001850898 0.0001850898 0.0001850898 0.0001850898 0.0001850898 0.0001850898 0.0001850898 6.143223e-06 2.51069e-06 
RSO 17 0.5314396 0.1191397 0.003089004 0.001455995 4.463702e-05 1.163373e-06 1.163373e-06 1.163373e-06 1.163373e-06 1.163373e-06 1.163373e-06 1.163373e-06 1.163373e-06 1.163373e-06 1.163373e-06 1.163373e-06 1.163373e-06 
EGO 17 0.5314396 0.2652562 0.01506488 0.006027192 0.006027192 0.002490163 0.001031172 0.001031172 0.001031172 0.001031172 0.000140489 0.000140489 0.000140489 0.000140489 0.000140489 0.000140489 0.000140489 
TREGO 17 0.5314396 0.211067 0.02174487 0.006030394 0.0005663763 0.0005663763 0.0002468585 0.0002468585 0.0002468585 0.0002468585 0.0002468585 0.0002468585 0.0002468585 0.0002468585 0.0002468585 0.0002468585 5.562255e-06 
RSO 18 0.661212 0.05626449 0.0009691989 0.0001101042 7.598602e-06 7.598602e-06 7.598602e-06 7.598602e-06 7.598602e-06 7.598602e-06 7.598602e-06 7.598602e-06 7.598602e-06 7.598602e-06 7.598602e-06 7.598602e-06 7.598602e-06 
EGO 18 0.661212 0.2407806 0.02497725 0.003867827 0.0003801018 0.0003801018 0.0003801018 0.0003801018 0.0003801018 0.0003801018 0.0003801018 0.0003801018 2.120194e-05 2.120194e-05 2.120194e-05 2.120194e-05 2.120194e-05 
TREGO 18 0.661212 0.1548747 0.01220799 0.003369187 0.0002737473 0.0002737473 0.0002737473 0.0002737473 0.0002737473 0.0002737473 4.342312e-06 4.342312e-06 6.20644e-07 6.20644e-07 6.20644e-07 6.20644e-07 2.294202e-07 
RSO 19 0.8228428 0.1872861 0.03238082 0.0005611323 3.301898e-05 1.87658e-06 1.87658e-06 1.87658e-06 1.87658e-06 1.87658e-06 1.87658e-06 1.87658e-06 1.87658e-06 1.87658e-06 1.87658e-06 1.87658e-06 1.87658e-06 
EGO 19 0.8228428 0.1075005 0.0296741 0.00793237 0.00229943 0.00229943 0.00229943 0.00229943 0.0009448409 0.0009448409 0.0009448409 0.0009448409 0.0009448409 0.0009448409 1.672981e-05 1.672981e-05 1.672981e-05 
TREGO 19 0.8228428 0.5352633 0.03257644 0.004948729 0.004948729 0.0002068801 1.903707e-06 1.903707e-06 1.903707e-06 1.903707e-06 1.903707e-06 1.903707e-06 1.903707e-06 1.903707e-06 4.568033e-07 4.568033e-07 4.568033e-07 
RSO 20 1.953957 0.8688889 0.3401043 0.2419028 0.2388209 0.2380842 0.2380771 0.2380771 0.004306085 0.0009733486 0.0004684191 0.0001822432 0.0001822432 0.0001822432 0.0001822432 0.0001822432 0.0001822432 
EGO 20 1.953957 0.779508 0.2917453 0.2405814 0.2405814 0.238863 0.238863 0.1843377 0.0009416838 0.0003823872 0.0003823872 1.851757e-06 1.851757e-06 1.851757e-06 1.851757e-06 1.851757e-06 1.851757e-06 
TREGO 20 1.953957 0.4345838 0.1162107 0.01909599 0.0006307469 0.0006307469 0.0001336028 0.0001336028 0.0001336028 0.0001336028 0.0001336028 0.0001336028 0.0001336028 0.0001336028 0.0001336028 0.0001336028 0.0001336028 
