RSO 1 0.9692111 0.7910955 0.6484835 0.09203084 0.06814337 0.06156364 0.06151049 0.06151049 0.06151049 0.06151049 0.06151049 0.06151049 0.06151049 0.06151049 0.06151049 
EGO 1 0.9692111 0.6610642 0.2007623 0.1320892 0.06427796 0.06268475 0.06268475 0.06268475 0.06268475 0.06268475 0.06268475 0.06268475 0.06268475 0.06268475 0.06268475 
TREGO 1 0.9692111 0.5210246 0.3567761 0.1421759 0.0630386 0.0630386 0.0630386 0.06243478 0.06243478 0.0616261 0.0614559 0.06144911 0.06144805 0.06144671 0.06144671 
RSO 2 0.961117 0.546652 0.2936626 0.06515278 0.003513386 3.669209e-05 3.584244e-05 3.584244e-05 3.584244e-05 3.584244e-05 3.584244e-05 3.584244e-05 3.584244e-05 3.584244e-05 3.584244e-05 
EGO 2 0.961117 0.961117 0.4613019 0.2767759 0.03591534 0.001958356 0.001522954 0.001522954 0.001522954 0.001522954 0.001522954 0.001522954 0.001522954 0.001522954 0.001522954 
TREGO 2 0.961117 0.6413345 0.626834 0.1266905 0.01705423 0.0004630656 0.0004630656 0.0004630656 0.0004630656 0.0004630656 3.321006e-05 1.13109e-05 3.962777e-07 3.435735e-07 2.675612e-07 
RSO 3 0.8834024 0.7310267 0.4517924 0.1922579 0.004985052 3.100599e-05 3.100599e-05 3.100599e-05 3.100599e-05 3.100599e-05 3.100599e-05 3.100599e-05 3.100599e-05 3.100599e-05 3.100599e-05 
EGO 3 0.8834024 0.6743903 0.2684761 0.01235491 0.002149228 0.002149228 0.002149228 0.002149228 0.002149228 0.002149228 0.002149228 0.002149228 0.002149228 0.002149228 0.002149228 
TREGO 3 0.8834024 0.3513381 0.2014942 0.07803635 0.007247571 0.0002514125 0.0002514125 0.0002514125 0.0002514125 8.746863e-05 1.687469e-05 1.043656e-05 1.043656e-05 6.348951e-07 3.570134e-07 
RSO 4 1.18758 0.9128684 0.2463024 0.1812799 0.08539486 0.0695494 0.06193849 0.06156137 0.06145386 0.06145386 0.06145386 0.06145386 0.06145386 0.06145386 0.06145386 
EGO 4 1.18758 0.8746027 0.519659 0.1351594 0.06424006 0.06228264 0.06156934 0.06156934 0.06156934 0.06156934 0.06156934 0.06156934 0.06156934 0.06156934 0.06156934 
TREGO 4 1.18758 0.9573504 0.5741611 0.2886115 0.04080629 0.003102906 0.0006614735 0.0006614735 0.0006614735 0.0006614735 6.113675e-05 1.456371e-05 2.642543e-06 4.447223e-07 3.94168e-07 
RSO 5 0.9855537 0.8155481 0.6387873 0.5253964 0.3301742 0.1250507 0.02083043 0.0001922519 5.180015e-05 5.180015e-05 5.180015e-05 5.180015e-05 5.180015e-05 5.180015e-05 5.180015e-05 
EGO 5 0.9855537 0.8217624 0.5415679 0.09277931 0.01613434 0.001183131 0.001183131 0.001183131 0.001183131 0.001183131 0.001183131 0.001183131 0.001183131 0.001183131 0.001183131 
TREGO 5 0.9855537 0.5649199 0.2050805 0.004355445 0.0005648814 8.255118e-05 8.255118e-05 8.255118e-05 8.255118e-05 6.092081e-06 5.630858e-06 8.497652e-07 3.013617e-07 2.730916e-07 2.730916e-07 
RSO 6 0.8385601 0.5429633 0.127732 0.00369331 0.0009832138 2.652618e-05 2.652618e-05 2.652618e-05 2.652618e-05 2.652618e-05 2.652618e-05 2.652618e-05 2.652618e-05 2.652618e-05 2.652618e-05 
EGO 6 0.8385601 0.8385601 0.2509077 0.07182441 0.000765602 0.000765602 0.000765602 0.000765602 0.000765602 0.000765602 0.000765602 0.000765602 0.000765602 0.000765602 0.000765602 
TREGO 6 0.8385601 0.5932501 0.1299519 0.004929103 0.0003059924 5.320493e-05 5.320493e-05 5.320493e-05 5.320493e-05 5.320493e-05 5.320493e-05 5.320493e-05 5.320493e-05 5.320493e-05 5.320493e-05 
RSO 7 0.8599471 0.1598884 0.06057038 0.001599635 9.766303e-05 9.766303e-05 9.766303e-05 9.766303e-05 9.766303e-05 9.766303e-05 9.766303e-05 9.766303e-05 9.766303e-05 9.766303e-05 9.766303e-05 
EGO 7 0.8599471 0.1599006 0.1022009 0.004225202 0.0007616478 0.0007616478 0.0007616478 0.0007616478 0.0007616478 0.0007616478 0.0007616478 0.0007616478 0.0007616478 0.0007616478 0.0007616478 
TREGO 7 0.8599471 0.1599358 0.0879048 0.002694796 0.0005855528 0.0005855528 0.0005855528 0.0005855528 3.51882e-06 3.51882e-06 3.421252e-07 3.271857e-07 3.133332e-07 3.023346e-07 3.023346e-07 
RSO 8 1.193647 0.4599257 0.3283747 0.1763762 0.1446044 0.1084069 0.07643741 0.06159975 0.06145298 0.06145298 0.06145298 0.06145298 0.06145298 0.06145298 0.06145298 
EGO 8 1.193647 1.007868 0.4775465 0.2449966 0.09050578 0.06358543 0.06262894 0.06262894 0.06156263 0.06156263 0.06156263 0.06156263 0.06156263 0.06156263 0.06156263 
TREGO 8 1.193647 1.193647 1.019944 0.6691036 0.2611786 0.07656844 0.06931849 0.0638941 0.06157364 0.06157364 0.06157364 0.06146295 0.0614499 0.06144676 0.06144673 
RSO 9 0.9313843 0.7201014 0.09155135 0.0214727 0.0009944868 7.498102e-05 7.498102e-05 7.498102e-05 7.498102e-05 7.498102e-05 7.498102e-05 7.498102e-05 7.498102e-05 7.498102e-05 7.498102e-05 
EGO 9 0.9313843 0.7770464 0.5446352 0.102508 0.02567758 0.002426273 0.002426273 0.002426273 0.002426273 0.002426273 0.002426273 0.002426273 0.002426273 0.002426273 0.002426273 
TREGO 9 0.9313843 0.5285152 0.3741641 0.01092308 0.0007740313 0.0007740313 0.0007740313 0.0007740313 0.0007740313 0.0007740313 8.578927e-05 4.829682e-05 3.336722e-05 3.336722e-05 3.336722e-05 
RSO 10 0.9537872 0.3793515 0.09740667 0.03192798 0.001189464 0.0001318105 1.417537e-05 1.417537e-05 1.417537e-05 1.417537e-05 1.417537e-05 1.417537e-05 1.417537e-05 1.417537e-05 1.417537e-05 
EGO 10 0.9537872 0.9537872 0.3615846 0.06231186 0.00278783 0.001584472 0.001584472 0.001584472 0.001584472 0.001584472 0.001584472 0.001584472 0.001584472 0.001584472 0.001584472 
TREGO 10 0.9537872 0.4731849 0.2328397 0.100225 0.002360765 0.0007379032 0.0007379032 0.0007379032 4.92513e-05 4.86539e-06 1.081709e-06 2.662976e-07 2.646275e-07 2.646275e-07 2.640867e-07 
RSO 11 0.6701964 0.2110225 0.168682 0.06562535 0.06276444 0.06157611 0.06145279 0.06145279 0.06145279 0.06145279 0.06145279 0.06145279 0.06145279 0.06145279 0.06145279 
EGO 11 0.6701964 0.4692996 0.1063022 0.07037171 0.06284799 0.06178482 0.06178482 0.06178482 0.06178482 0.06178482 0.06178482 0.06178482 0.06178482 0.06178482 0.06178482 
TREGO 11 0.6701964 0.1235826 0.09186829 0.06719705 0.06183352 0.06183352 0.06146561 0.06146561 0.06146561 0.06146561 0.06146561 0.06146561 0.06144946 0.06144895 0.06144714 
RSO 12 0.9823031 0.6757552 0.3275116 0.2792 0.0692345 0.06234757 0.06151126 0.0614527 0.0614527 0.0614527 0.0614527 0.0614527 0.0614527 0.0614527 0.0614527 
EGO 12 0.9823031 0.7430343 0.3354526 0.1003423 0.06225384 0.06225384 0.06203414 0.06203414 0.06203414 0.06203414 0.06203414 0.06203414 0.06203414 0.06203414 0.06203414 
TREGO 12 0.9823031 0.463607 0.3149766 0.09976506 0.06445635 0.06236616 0.06156249 0.06156249 0.06156249 0.06156249 0.06147278 0.0614599 0.06144761 0.0614471 0.0614471 
RSO 13 0.6874071 0.5853125 0.2264707 0.07742299 0.06190331 0.06158321 0.06145909 0.06144981 0.06144981 0.06144981 0.06144981 0.06144981 0.06144981 0.06144981 0.06144981 
EGO 13 0.6874071 0.442201 0.227391 0.08194938 0.06226911 0.06226911 0.06226911 0.06226911 0.06226911 0.06226911 0.06226911 0.06226911 0.06152339 0.06152339 0.06152339 
TREGO 13 0.6874071 0.5561109 0.1781916 0.1148117 0.07507172 0.06190499 0.06190499 0.06190499 0.0618304 0.0618304 0.0618304 0.0618304 0.06144858 0.06144744 0.0614467 
RSO 14 1.260385 0.8808078 0.6319307 0.2849705 0.08550233 0.06299763 0.06164544 0.06146141 0.06144947 0.06144947 0.06144947 0.06144947 0.06144947 0.06144947 0.06144947 
EGO 14 1.260385 1.011647 0.3767817 0.127938 0.10727 0.06446491 0.06364744 0.06364744 0.06364744 0.06364744 0.06364744 0.06364744 0.06364744 0.06364744 0.06364744 
TREGO 14 1.260385 0.749472 0.4023303 0.09456251 0.0762476 0.06284879 0.06217597 0.06217597 0.06217597 0.06217597 0.06217597 0.06146911 0.06144814 0.06144691 0.06144676 
RSO 15 0.6860741 0.443458 0.1713858 0.0722908 0.01491409 9.755562e-05 1.795118e-05 1.795118e-05 1.795118e-05 1.795118e-05 1.795118e-05 1.795118e-05 1.795118e-05 1.795118e-05 1.795118e-05 
EGO 15 0.6860741 0.3228796 0.1069755 0.01219595 0.001519308 0.001519308 0.001519308 0.001519308 0.001519308 0.001519308 0.001519308 0.001519308 0.001519308 0.001519308 0.001519308 
TREGO 15 0.6860741 0.3990356 0.1141772 0.005984657 0.00152983 0.000342481 0.000342481 0.000342481 0.000342481 0.000342481 1.758173e-05 7.007362e-06 1.273066e-06 7.416051e-07 2.895094e-07 
RSO 16 1.113009 0.7304006 0.4032756 0.07826503 0.0639169 0.061817 0.06150622 0.06150587 0.06150587 0.06150587 0.06150587 0.06150587 0.06150587 0.06150587 0.06150587 
EGO 16 1.113009 0.2303851 0.1699138 0.07381457 0.06543622 0.06543622 0.06543622 0.06543622 0.06543622 0.06543622 0.06543622 0.06543622 0.06543622 0.06543622 0.06543622 
TREGO 16 1.113009 0.6311101 0.388876 0.133362 0.07070733 0.06221513 0.0617293 0.0617293 0.06155349 0.06155349 0.06155349 0.06144772 0.06144739 0.06144739 0.06144739 
RSO 17 0.9766995 0.9114781 0.5248174 0.1540934 0.01690832 0.002398795 0.000550184 5.451622e-05 5.451622e-05 5.451622e-05 5.451622e-05 5.451622e-05 5.451622e-05 5.451622e-05 5.451622e-05 
EGO 17 0.9766995 0.4172996 0.06882149 0.008315988 0.00324415 0.0008736436 0.0008736436 0.0008736436 0.0008736436 0.0008736436 0.0008736436 0.0008736436 0.0008736436 0.0008736436 0.0008736436 
TREGO 17 0.9766995 0.4233216 0.2565742 0.01383564 0.001915879 2.683724e-05 2.683724e-05 2.683724e-05 2.683724e-05 2.683724e-05 2.683724e-05 2.683724e-05 2.683724e-05 2.683724e-05 2.683724e-05 
RSO 18 0.6897164 0.6486502 0.3677636 0.1020012 0.06358724 0.06196314 0.06147224 0.06145023 0.06145023 0.06145023 0.06145023 0.06145023 0.06145023 0.06145023 0.06145023 
EGO 18 0.6897164 0.33771 0.2353386 0.06489134 0.06210655 0.06145379 0.06145379 0.06145379 0.06145379 0.06145379 0.06145379 0.06145379 0.06145379 0.06145379 0.06145379 
TREGO 18 0.6897164 0.6897164 0.3113292 0.1282244 0.06976785 0.06281189 0.06166478 0.06166478 0.06166478 0.06166478 0.06150732 0.06145039 0.06144702 0.06144682 0.06144673 
RSO 19 0.8123296 0.8123296 0.169845 0.04692028 0.0005638905 5.296573e-05 5.296573e-05 5.296573e-05 5.296573e-05 5.296573e-05 5.296573e-05 5.296573e-05 5.296573e-05 5.296573e-05 5.296573e-05 
EGO 19 0.8123296 0.5371017 0.2102911 0.02070776 0.002109329 0.002109329 0.002109329 0.002109329 0.002109329 0.002109329 0.002109329 0.002109329 0.002109329 0.002109329 0.002109329 
TREGO 19 0.8123296 0.5018149 0.3496486 0.04285803 0.002387986 0.0002992399 0.0002992399 0.0002992399 0.0002992399 0.0002992399 0.0001959427 2.431106e-05 3.678133e-06 1.080621e-06 1.080621e-06 
RSO 20 0.7827544 0.3736171 0.1024901 0.06184714 0.06178616 0.06178616 0.06178616 0.06178616 0.06178616 0.06178616 0.06178616 0.06178616 0.06178616 0.06178616 0.06178616 
EGO 20 0.7827544 0.3277791 0.2456412 0.09695113 0.06231702 0.06211786 0.06211786 0.06211786 0.06211786 0.06211786 0.06211786 0.06211786 0.06211786 0.06211786 0.06211786 
TREGO 20 0.7827544 0.5480701 0.1083724 0.06541356 0.06179952 0.06179952 0.06147555 0.06147555 0.06147555 0.06145936 0.06145936 0.06144807 0.06144753 0.06144753 0.06144748 
