RSO 1 0.3381125 0.009667519 9.366886e-05 1.204644e-06 1.204644e-06 1.204644e-06 1.204644e-06 1.204644e-06 1.204644e-06 1.204644e-06 1.204644e-06 1.204644e-06 1.204644e-06 1.204644e-06 1.204644e-06 1.204644e-06 1.204644e-06 1.204644e-06 
EGO 1 0.3381125 0.01663579 1.538609e-05 1.538609e-05 1.538609e-05 1.538609e-05 1.538609e-05 1.538609e-05 1.538609e-05 1.538609e-05 1.538609e-05 1.538609e-05 1.538609e-05 1.538609e-05 1.538609e-05 1.538609e-05 1.538609e-05 1.538609e-05 
TREGO 1 0.3381125 0.01858338 6.625222e-06 6.625222e-06 3.808513e-07 2.435104e-07 2.435104e-07 2.189706e-07 2.189706e-07 2.189706e-07 2.189706e-07 2.189706e-07 2.189706e-07 2.142346e-07 2.142346e-07 2.142346e-07 2.142346e-07 2.142346e-07 
RSO 2 0.336333 0.002793897 3.05663e-06 1.85079e-06 1.85079e-06 1.85079e-06 1.85079e-06 1.85079e-06 1.85079e-06 1.85079e-06 1.85079e-06 1.85079e-06 1.85079e-06 1.85079e-06 1.85079e-06 1.85079e-06 1.85079e-06 1.85079e-06 
EGO 2 0.336333 0.006305562 9.724621e-05 9.724621e-05 9.724621e-05 9.724621e-05 9.724621e-05 9.724621e-05 9.724621e-05 9.724621e-05 9.724621e-05 9.724621e-05 9.724621e-05 9.724621e-05 9.724621e-05 9.724621e-05 9.724621e-05 9.724621e-05 
TREGO 2 0.336333 0.002793828 3.53769e-05 3.53769e-05 1.624739e-06 5.879639e-07 2.257249e-07 2.257249e-07 2.257249e-07 2.188265e-07 2.188265e-07 2.188265e-07 2.17972e-07 2.129566e-07 2.128639e-07 2.128639e-07 2.128639e-07 2.128639e-07 
RSO 3 0.01586005 0.01586005 0.0001703447 2.743458e-06 2.743458e-06 2.743458e-06 2.743458e-06 2.743458e-06 2.743458e-06 2.743458e-06 2.743458e-06 2.743458e-06 2.743458e-06 2.743458e-06 2.743458e-06 2.743458e-06 2.743458e-06 2.743458e-06 
EGO 3 0.01586005 0.01586005 0.0009142349 8.393294e-05 8.393294e-05 8.393294e-05 8.393294e-05 8.393294e-05 8.393294e-05 8.393294e-05 8.393294e-05 8.393294e-05 8.393294e-05 8.393294e-05 8.393294e-05 8.393294e-05 8.393294e-05 8.393294e-05 
TREGO 3 0.01586005 0.01586005 0.0001587705 0.0001046704 0.0001046704 0.0001046704 0.0001046704 2.374647e-07 2.374647e-07 2.374647e-07 2.215337e-07 2.132166e-07 2.132166e-07 2.132166e-07 2.132166e-07 2.132166e-07 2.132166e-07 2.132166e-07 
RSO 4 1.986554 0.01522504 6.989733e-05 4.892112e-06 4.892112e-06 4.892112e-06 4.892112e-06 4.892112e-06 4.892112e-06 4.892112e-06 4.892112e-06 4.892112e-06 4.892112e-06 4.892112e-06 4.892112e-06 4.892112e-06 4.892112e-06 4.892112e-06 
EGO 4 1.986554 0.01522489 0.0002985487 4.057495e-06 4.057495e-06 4.057495e-06 4.057495e-06 4.057495e-06 4.057495e-06 4.057495e-06 4.057495e-06 4.057495e-06 4.057495e-06 4.057495e-06 4.057495e-06 4.057495e-06 4.057495e-06 4.057495e-06 
TREGO 4 1.986554 0.01522517 0.0002985729 0.0002985729 0.0002985729 0.0002868201 3.174123e-07 2.463005e-07 2.463005e-07 2.218061e-07 2.218061e-07 2.218061e-07 2.218061e-07 2.218061e-07 2.218061e-07 2.218061e-07 2.218061e-07 2.218061e-07 
RSO 5 0.8520913 0.007541838 0.0002019299 1.935947e-06 4.078732e-07 4.078732e-07 4.078732e-07 4.078732e-07 4.078732e-07 4.078732e-07 4.078732e-07 4.078732e-07 4.078732e-07 4.078732e-07 4.078732e-07 4.078732e-07 4.078732e-07 4.078732e-07 
EGO 5 0.8520913 0.006311016 0.0001355548 0.0001105217 0.0001105217 0.0001105217 0.0001105217 0.0001105217 0.0001105217 0.0001105217 0.0001105217 0.0001105217 0.0001105217 0.0001105217 0.0001105217 0.0001105217 0.0001105217 0.0001105217 
TREGO 5 0.8520913 0.007541726 7.945361e-05 7.945361e-05 7.945361e-05 9.710797e-07 6.413209e-07 4.405487e-07 3.249588e-07 3.159099e-07 2.851534e-07 2.316889e-07 2.316889e-07 2.244394e-07 2.223326e-07 2.211165e-07 2.175612e-07 2.148263e-07 
RSO 6 0.6586081 0.02647702 0.0005490042 4.681632e-05 9.022902e-07 9.022902e-07 9.022902e-07 9.022902e-07 9.022902e-07 9.022902e-07 9.022902e-07 9.022902e-07 9.022902e-07 9.022902e-07 9.022902e-07 9.022902e-07 9.022902e-07 9.022902e-07 
EGO 6 0.6586081 0.02647664 0.000597584 9.593001e-05 4.215514e-05 4.215514e-05 4.215514e-05 4.215514e-05 4.215514e-05 4.215514e-05 4.215514e-05 4.215514e-05 4.215514e-05 4.215514e-05 4.215514e-05 4.215514e-05 4.215514e-05 4.215514e-05 
TREGO 6 0.6586081 0.03479023 0.0003006036 5.054468e-05 5.054468e-05 5.805249e-06 5.805249e-06 3.238052e-07 2.234064e-07 2.234064e-07 2.234064e-07 2.234064e-07 2.234064e-07 2.234064e-07 2.234064e-07 2.234064e-07 2.234064e-07 2.234064e-07 
RSO 7 1.58358 0.05477354 1.169707e-05 9.399095e-07 9.399095e-07 9.399095e-07 9.399095e-07 9.399095e-07 9.399095e-07 9.399095e-07 9.399095e-07 9.399095e-07 9.399095e-07 9.399095e-07 9.399095e-07 9.399095e-07 9.399095e-07 9.399095e-07 
EGO 7 1.58358 0.05477304 0.0001710185 8.757732e-06 8.757732e-06 8.757732e-06 8.757732e-06 8.757732e-06 8.757732e-06 8.757732e-06 8.757732e-06 8.757732e-06 8.757732e-06 8.757732e-06 8.757732e-06 8.757732e-06 8.757732e-06 8.757732e-06 
TREGO 7 1.58358 0.05477219 0.0007059 7.016043e-06 7.016043e-06 7.016043e-06 3.549762e-06 2.136906e-07 2.127418e-07 2.127099e-07 2.126913e-07 2.126913e-07 2.126913e-07 2.126913e-07 2.126913e-07 2.126913e-07 2.126913e-07 2.126913e-07 
RSO 8 0.5979086 0.04901301 0.0001696211 8.039585e-06 8.039585e-06 8.039585e-06 8.039585e-06 8.039585e-06 8.039585e-06 8.039585e-06 8.039585e-06 8.039585e-06 8.039585e-06 8.039585e-06 8.039585e-06 8.039585e-06 8.039585e-06 8.039585e-06 
EGO 8 0.5979086 0.0970613 0.0001150618 0.0001150618 1.840774e-05 1.840774e-05 1.840774e-05 1.840774e-05 1.840774e-05 1.840774e-05 1.840774e-05 1.840774e-05 1.840774e-05 1.840774e-05 1.840774e-05 1.840774e-05 1.840774e-05 1.840774e-05 
TREGO 8 0.5979086 0.003943821 0.0007773557 0.0001585674 5.153405e-06 5.153405e-06 5.153405e-06 3.621755e-07 2.378251e-07 2.167292e-07 2.167292e-07 2.160492e-07 2.160281e-07 2.160281e-07 2.160281e-07 2.160281e-07 2.160281e-07 2.145086e-07 
RSO 9 1.255055 0.009620877 0.0002306204 1.317126e-06 1.264536e-06 1.264536e-06 1.264536e-06 1.264536e-06 1.264536e-06 1.264536e-06 1.264536e-06 1.264536e-06 1.264536e-06 1.264536e-06 1.264536e-06 1.264536e-06 1.264536e-06 1.264536e-06 
EGO 9 1.255055 0.009621218 3.47692e-05 3.47692e-05 3.47692e-05 3.47692e-05 3.47692e-05 3.47692e-05 3.47692e-05 3.47692e-05 3.47692e-05 3.47692e-05 3.47692e-05 3.47692e-05 3.47692e-05 3.47692e-05 3.47692e-05 3.47692e-05 
TREGO 9 1.255055 0.01350913 2.951347e-05 2.951347e-05 2.951347e-05 2.951347e-05 2.951347e-05 3.222079e-06 2.302306e-07 2.302306e-07 2.302306e-07 2.135304e-07 2.135304e-07 2.135304e-07 2.135304e-07 2.135304e-07 2.135304e-07 2.135304e-07 
RSO 10 0.3583895 0.00029004 5.996824e-06 1.168231e-06 1.168231e-06 1.168231e-06 1.168231e-06 1.168231e-06 1.168231e-06 1.168231e-06 1.168231e-06 1.168231e-06 1.168231e-06 1.168231e-06 1.168231e-06 1.168231e-06 1.168231e-06 1.168231e-06 
EGO 10 0.3583895 0.0002900818 0.0002900818 2.678449e-05 2.678449e-05 2.678449e-05 2.678449e-05 2.678449e-05 2.678449e-05 2.678449e-05 2.678449e-05 2.678449e-05 2.678449e-05 2.678449e-05 2.678449e-05 2.678449e-05 2.678449e-05 2.678449e-05 
TREGO 10 0.3583895 0.0003723168 0.0003723168 0.000147803 6.846561e-05 6.846561e-05 6.846561e-05 6.846561e-05 2.145043e-07 2.145043e-07 2.128491e-07 2.128431e-07 2.128431e-07 2.128431e-07 2.128431e-07 2.128431e-07 2.128431e-07 2.128431e-07 
RSO 11 0.8310564 0.01198023 5.095906e-05 9.431281e-07 9.431281e-07 9.431281e-07 9.431281e-07 9.431281e-07 9.431281e-07 9.431281e-07 9.431281e-07 9.431281e-07 9.431281e-07 9.431281e-07 9.431281e-07 9.431281e-07 9.431281e-07 9.431281e-07 
EGO 11 0.8310564 0.01197993 0.0009124558 0.0001630231 0.0001630231 0.0001630231 0.0001630231 8.784073e-07 8.784073e-07 8.784073e-07 8.784073e-07 8.784073e-07 8.784073e-07 8.784073e-07 8.784073e-07 8.784073e-07 8.784073e-07 8.784073e-07 
TREGO 11 0.8310564 0.01198017 0.0009126212 1.008647e-05 1.008647e-05 1.008647e-05 1.008647e-05 2.521437e-07 2.521437e-07 2.521437e-07 2.162972e-07 2.162972e-07 2.162972e-07 2.142485e-07 2.140897e-07 2.137608e-07 2.137608e-07 2.137608e-07 
RSO 12 1.968441 0.1636189 0.04685862 0.02936092 0.01686507 0.007404632 0.001806655 9.714735e-07 9.714735e-07 9.714735e-07 9.714735e-07 9.714735e-07 9.714735e-07 9.714735e-07 9.714735e-07 9.714735e-07 9.714735e-07 9.714735e-07 
EGO 12 1.968441 0.8944058 0.7734171 0.1590504 0.001583279 0.001583279 0.0001851372 1.761527e-05 1.761527e-05 1.761527e-05 1.761527e-05 1.761527e-05 1.761527e-05 1.761527e-05 1.761527e-05 1.761527e-05 1.761527e-05 1.761527e-05 
TREGO 12 1.968441 0.1636378 0.02959358 1.041861e-05 1.041861e-05 1.041861e-05 5.273499e-07 3.342138e-07 3.224782e-07 2.195867e-07 2.16068e-07 2.159466e-07 2.159466e-07 2.159466e-07 2.159466e-07 2.159466e-07 2.159466e-07 2.159466e-07 
RSO 13 1.586268 0.006248774 3.690721e-06 3.609098e-07 3.609098e-07 3.609098e-07 3.609098e-07 3.609098e-07 3.609098e-07 3.609098e-07 3.609098e-07 3.609098e-07 3.609098e-07 3.609098e-07 3.609098e-07 3.609098e-07 3.609098e-07 3.609098e-07 
EGO 13 1.586268 0.006248574 0.0006778693 1.105939e-05 1.105939e-05 1.105939e-05 1.105939e-05 1.105939e-05 1.105939e-05 1.105939e-05 1.105939e-05 1.105939e-05 1.105939e-05 1.105939e-05 1.105939e-05 1.105939e-05 1.105939e-05 1.105939e-05 
TREGO 13 1.586268 0.006248486 0.0006778747 0.0006778747 2.202548e-07 2.202548e-07 2.15069e-07 2.15069e-07 2.15069e-07 2.15069e-07 2.15069e-07 2.15069e-07 2.15069e-07 2.15069e-07 2.15069e-07 2.15069e-07 2.15069e-07 2.15069e-07 
RSO 14 1.224284 0.04556488 0.0001473022 4.987314e-06 4.987314e-06 4.987314e-06 4.987314e-06 4.987314e-06 4.987314e-06 4.987314e-06 4.987314e-06 4.987314e-06 4.987314e-06 4.987314e-06 4.987314e-06 4.987314e-06 4.987314e-06 4.987314e-06 
EGO 14 1.224284 0.04556546 0.0001968677 0.0001968677 2.945894e-06 2.945894e-06 2.945894e-06 2.945894e-06 2.945894e-06 2.945894e-06 2.945894e-06 2.945894e-06 2.945894e-06 2.945894e-06 2.945894e-06 2.945894e-06 2.945894e-06 2.945894e-06 
TREGO 14 1.224284 0.07013042 0.0006224451 3.923386e-05 3.923386e-05 3.923386e-05 3.923386e-05 1.159584e-06 2.170262e-07 2.170262e-07 2.170262e-07 2.170262e-07 2.170262e-07 2.170262e-07 2.140827e-07 2.139214e-07 2.139214e-07 2.139214e-07 
RSO 15 0.3893424 5.141839e-05 5.141839e-05 5.141839e-05 5.141839e-05 5.141839e-05 5.141839e-05 5.141839e-05 5.141839e-05 5.141839e-05 5.141839e-05 5.141839e-05 5.141839e-05 5.141839e-05 5.141839e-05 5.141839e-05 5.141839e-05 5.141839e-05 
EGO 15 0.3893424 5.143858e-05 5.143858e-05 5.143858e-05 5.143858e-05 5.143858e-05 5.143858e-05 5.143858e-05 5.143858e-05 5.143858e-05 5.143858e-05 3.020684e-07 3.020684e-07 3.020684e-07 3.020684e-07 3.020684e-07 3.020684e-07 3.020684e-07 
TREGO 15 0.3893424 5.138225e-05 5.138225e-05 5.138225e-05 5.138225e-05 5.138225e-05 2.591822e-07 2.591822e-07 2.436911e-07 2.436911e-07 2.436911e-07 2.436911e-07 2.436911e-07 2.436911e-07 2.436911e-07 2.436911e-07 2.436911e-07 2.436911e-07 
RSO 16 0.7406182 0.2597775 0.1649615 0.1125984 0.08913333 0.05812202 0.03628421 0.01267304 0.0012215 4.215833e-06 3.767361e-06 3.767361e-06 3.767361e-06 3.767361e-06 3.767361e-06 3.767361e-06 3.767361e-06 3.767361e-06 
EGO 16 0.7406182 0.2597768 0.007684419 1.291773e-05 1.291773e-05 1.291773e-05 1.291773e-05 1.291773e-05 1.291773e-05 1.291773e-05 1.291773e-05 1.291773e-05 1.291773e-05 1.291773e-05 1.291773e-05 1.291773e-05 1.291773e-05 1.291773e-05 
TREGO 16 0.7406182 0.2597773 0.00768568 1.292125e-05 1.292125e-05 6.553993e-07 4.452393e-07 3.479567e-07 2.139261e-07 2.138084e-07 2.138084e-07 2.138084e-07 2.138084e-07 2.138084e-07 2.138084e-07 2.133223e-07 2.133223e-07 2.133223e-07 
RSO 17 0.7924668 0.07732001 0.0005102026 2.417995e-05 2.167769e-07 2.167769e-07 2.167769e-07 2.167769e-07 2.167769e-07 2.167769e-07 2.167769e-07 2.167769e-07 2.167769e-07 2.167769e-07 2.167769e-07 2.167769e-07 2.167769e-07 2.167769e-07 
EGO 17 0.7924668 0.02042708 0.0001896097 0.0001896097 1.381967e-06 1.381967e-06 1.381967e-06 1.381967e-06 1.381967e-06 1.381967e-06 1.381967e-06 1.381967e-06 1.381967e-06 1.381967e-06 1.381967e-06 1.381967e-06 1.381967e-06 1.381967e-06 
TREGO 17 0.7924668 0.02042877 0.000184289 0.0001286649 0.0001286649 2.37145e-07 2.37145e-07 2.37145e-07 2.37145e-07 2.150287e-07 2.150287e-07 2.147949e-07 2.147949e-07 2.147949e-07 2.147949e-07 2.147949e-07 2.147949e-07 2.147949e-07 
RSO 18 1.67771 0.3187768 0.2160041 0.1582919 0.1317575 0.09532221 0.05980546 0.02586683 0.002511199 2.371622e-06 2.371622e-06 2.371622e-06 2.371622e-06 2.371622e-06 2.371622e-06 2.371622e-06 2.371622e-06 2.371622e-06 
EGO 18 1.67771 0.2357283 0.0001744522 0.0001744522 0.0001744522 9.203152e-06 9.203152e-06 9.203152e-06 9.203152e-06 9.203152e-06 9.203152e-06 9.203152e-06 9.203152e-06 9.203152e-06 9.203152e-06 9.203152e-06 9.203152e-06 9.203152e-06 
TREGO 18 1.67771 0.08417512 0.0004939286 4.984216e-05 4.984216e-05 2.262482e-07 2.262482e-07 2.262482e-07 2.262482e-07 2.262482e-07 2.262482e-07 2.262482e-07 2.262482e-07 2.262482e-07 2.262482e-07 2.262482e-07 2.262482e-07 2.262482e-07 
RSO 19 1.229804 0.0006716672 1.576709e-05 2.221276e-07 2.221276e-07 2.221276e-07 2.221276e-07 2.221276e-07 2.221276e-07 2.221276e-07 2.221276e-07 2.221276e-07 2.221276e-07 2.221276e-07 2.221276e-07 2.221276e-07 2.221276e-07 2.221276e-07 
EGO 19 1.229804 0.0009430858 0.0003128061 7.472759e-05 7.472759e-05 7.472759e-05 7.472759e-05 7.472759e-05 7.472759e-05 7.472759e-05 7.472759e-05 7.472759e-05 7.472759e-05 7.472759e-05 7.472759e-05 7.472759e-05 7.472759e-05 7.472759e-05 
TREGO 19 1.229804 0.01756427 0.0004414123 0.0004414123 0.0004414123 1.372797e-06 1.049006e-06 3.281468e-07 2.142165e-07 2.142165e-07 2.142165e-07 2.142165e-07 2.142165e-07 2.142165e-07 2.142165e-07 2.142165e-07 2.142165e-07 2.142165e-07 
RSO 20 0.9239426 0.0004106384 1.958784e-05 8.811635e-07 8.811635e-07 8.811635e-07 8.811635e-07 8.811635e-07 8.811635e-07 8.811635e-07 8.811635e-07 8.811635e-07 8.811635e-07 8.811635e-07 8.811635e-07 8.811635e-07 8.811635e-07 8.811635e-07 
EGO 20 0.9239426 0.000410608 0.0002534198 1.007767e-05 1.007767e-05 1.007767e-05 1.007767e-05 1.007767e-05 1.007767e-05 1.007767e-05 1.007767e-05 1.007767e-05 1.007767e-05 1.007767e-05 1.007767e-05 1.007767e-05 1.007767e-05 1.007767e-05 
TREGO 20 0.9239426 0.0004106067 0.0002270368 1.424849e-05 1.424849e-05 1.424849e-05 3.282993e-07 2.491361e-07 2.361806e-07 2.352364e-07 2.314185e-07 2.314185e-07 2.314185e-07 2.314185e-07 2.314185e-07 2.314185e-07 2.314185e-07 2.279679e-07 
