RSO 1 0.1805086 0.1776063 0.1776063 0.1745583 0.1715783 0.1715783 0.1715783 0.1715783 0.1715783 
EGO 1 0.1805086 0.1793826 0.1793826 0.1793826 0.1793826 0.1793826 0.1793826 0.1793826 0.1774704 
TREGO 1 0.1805086 0.1805086 0.1785673 0.1785673 0.1785673 0.1785673 0.1735391 0.1735391 0.1735391 
RSO 2 0.1854203 0.1833527 0.1833527 0.178509 0.1745972 0.1715589 0.1715589 0.1715589 0.1715589 
EGO 2 0.1854203 0.177548 0.177548 0.1736168 0.1736168 0.1736168 0.1736168 0.1736168 0.1736168 
TREGO 2 0.1854203 0.179538 0.1756067 0.1756067 0.1756067 0.1756067 0.1756067 0.1755873 0.1755873 
RSO 3 0.1686177 0.1686177 0.1686177 0.1686177 0.1686177 0.1686177 0.1686177 0.1686177 0.1686177 
EGO 3 0.1686177 0.1686177 0.1686177 0.1686177 0.1686177 0.1686177 0.1686177 0.1686177 0.1686177 
TREGO 3 0.1686177 0.1686177 0.1686177 0.1686177 0.1686177 0.1686177 0.1686177 0.1686177 0.1686177 
RSO 4 0.1765579 0.1765579 0.1765579 0.1765579 0.1765579 0.1765579 0.1754222 0.1745001 0.1745001 
EGO 4 0.1765579 0.1765579 0.1765579 0.1765579 0.1765579 0.1765579 0.1764706 0.1764706 0.1735585 
TREGO 4 0.1765579 0.1754417 0.1754417 0.1754417 0.1754417 0.1754417 0.1754417 0.1754417 0.174636 
RSO 5 0.1784314 0.1767036 0.1767036 0.1767036 0.1767036 0.1767036 0.1755679 0.1755679 0.1755679 
EGO 5 0.1784314 0.1784314 0.1775675 0.1775675 0.175432 0.175432 0.174636 0.174636 0.174636 
TREGO 5 0.1784314 0.1784314 0.1755484 0.1755484 0.172549 0.172549 0.172549 0.172549 0.172549 
RSO 6 0.1774607 0.1774607 0.1774607 0.1754611 0.1754611 0.1754611 0.1754611 0.1754611 0.1754611 
EGO 6 0.1774607 0.1774607 0.1774607 0.1774607 0.1774607 0.1774607 0.1774607 0.1774607 0.1774607 
TREGO 6 0.1774607 0.1774607 0.174471 0.174471 0.174471 0.174471 0.174471 0.174471 0.174471 
RSO 7 0.1754417 0.1754417 0.1754417 0.1745875 0.1745875 0.1745875 0.1745875 0.1745875 0.1745875 
EGO 7 0.1754417 0.1754417 0.1754417 0.1754417 0.1735391 0.1735391 0.1735391 0.1735391 0.1735391 
TREGO 7 0.1754417 0.1754417 0.1754417 0.1754417 0.1754417 0.1754417 0.1754417 0.1735294 0.1735294 
RSO 8 0.1794215 0.1794215 0.1794215 0.1794215 0.1794215 0.1794215 0.1794215 0.1775286 0.1775286 
EGO 8 0.1794215 0.1794215 0.1766259 0.1766259 0.1766259 0.1766259 0.1766259 0.1735488 0.1735488 
TREGO 8 0.1794215 0.1794215 0.1794215 0.1755096 0.1755096 0.1755096 0.1755096 0.1755096 0.1755096 
RSO 9 0.1814017 0.1794021 0.1784702 0.1784702 0.1754611 0.1754611 0.1754611 0.1754611 0.1754611 
EGO 9 0.1814017 0.1814017 0.1794797 0.1794797 0.1794797 0.1794797 0.175597 0.175597 0.175597 
TREGO 9 0.1814017 0.1755581 0.1755581 0.1755581 0.1755581 0.1755581 0.1755581 0.1755581 0.1755581 
RSO 10 0.18245 0.18245 0.1813725 0.1785284 0.1785284 0.1785284 0.1785284 0.1726558 0.1726558 
EGO 10 0.18245 0.18245 0.1734906 0.1734906 0.1734906 0.1734906 0.1734906 0.1734906 0.1734906 
TREGO 10 0.18245 0.18245 0.1774704 0.1774704 0.1774704 0.1774219 0.1774219 0.1774219 0.1774219 
RSO 11 0.1853427 0.1775383 0.1775383 0.1775383 0.1775383 0.1775383 0.1775383 0.1775383 0.1775383 
EGO 11 0.1853427 0.1853427 0.1833819 0.1804698 0.1804698 0.1804698 0.1764997 0.1764997 0.1764997 
TREGO 11 0.1853427 0.1775675 0.1765482 0.1765482 0.1765482 0.1764803 0.1764803 0.1764803 0.1764803 
RSO 12 0.1813143 0.1804892 0.1804892 0.1804892 0.1804892 0.1765385 0.1765385 0.1765385 0.1765385 
EGO 12 0.1813143 0.1813143 0.1813143 0.1813143 0.1813143 0.1813143 0.1775092 0.1775092 0.1775092 
TREGO 12 0.1813143 0.1813143 0.1775189 0.1775189 0.1774704 0.1774704 0.1774704 0.1734906 0.1734906 
RSO 13 0.189206 0.1854494 0.1854494 0.1764803 0.1764803 0.1764803 0.1764803 0.174568 0.174568 
EGO 13 0.189206 0.1794894 0.1724714 0.1724714 0.1686372 0.1686372 0.1686372 0.1686372 0.1686372 
TREGO 13 0.189206 0.1735974 0.1735974 0.1735974 0.1735974 0.1735974 0.1735974 0.1735974 0.1735974 
RSO 14 0.1784217 0.1745001 0.1745001 0.1745001 0.1745001 0.1745001 0.1706076 0.1706076 0.1706076 
EGO 14 0.1784217 0.1784217 0.1784217 0.1756455 0.1756455 0.1756455 0.1756455 0.1756455 0.1756455 
TREGO 14 0.1784217 0.1784217 0.1764318 0.1764318 0.1675306 0.1675306 0.1675306 0.1675306 0.1675306 
RSO 15 0.1824888 0.1824888 0.1824306 0.1785479 0.1785284 0.1785284 0.1785284 0.1785284 0.1705591 
EGO 15 0.1824888 0.1824888 0.175597 0.175597 0.171491 0.171491 0.171491 0.171491 0.1687051 
TREGO 15 0.1824888 0.1735779 0.1735779 0.1735779 0.1735779 0.1735779 0.1735779 0.1735779 0.1735779 
