================================================================================ 
RSO 1 0.1477778 0.1388889 0.1366667 0.1333333 0.13 0.1277778 0.1277778 0.1277778 0.1277778 
EGO 1 0.1477778 0.1333333 0.1322222 0.1322222 0.1322222 0.1322222 0.1322222 0.1322222 0.1322222 
TREGO 1 0.1477778 0.1366667 0.1355556 0.1355556 0.1355556 0.1355556 0.1355556 0.1355556 0.1355556 
RSO 2 0.1577778 0.1422222 0.14 0.14 0.14 0.14 0.1355556 0.1355556 0.1355556 
EGO 2 0.1577778 0.1411111 0.1388889 0.1388889 0.1388889 0.1344444 0.1344444 0.1344444 0.1344444 
TREGO 2 0.1577778 0.1377778 0.1311111 0.1311111 0.1311111 0.1311111 0.1311111 0.1311111 0.1311111 
RSO 3 0.1477778 0.1411111 0.14 0.1311111 0.1311111 0.1311111 0.1311111 0.13 0.13 
EGO 3 0.1477778 0.1477778 0.1344444 0.1311111 0.1311111 0.1311111 0.1311111 0.1311111 0.1311111 
TREGO 3 0.1477778 0.1433333 0.1333333 0.1333333 0.1333333 0.1333333 0.1333333 0.1333333 0.1333333 
RSO 4 0.1355556 0.1355556 0.1355556 0.1311111 0.1311111 0.1311111 0.1311111 0.13 0.13 
EGO 4 0.1355556 0.1355556 0.1355556 0.1355556 0.1311111 0.1311111 0.1311111 0.1311111 0.1311111 
TREGO 4 0.1355556 0.1355556 0.1344444 0.1344444 0.1333333 0.1333333 0.1333333 0.1333333 0.1333333 
RSO 5 0.1433333 0.1388889 0.1322222 0.1322222 0.1322222 0.1322222 0.1322222 0.1322222 0.1322222 
EGO 5 0.1433333 0.14 0.1388889 0.1355556 0.1355556 0.1355556 0.1355556 0.1355556 0.1355556 
TREGO 5 0.1433333 0.1388889 0.1255556 0.1255556 0.1255556 0.1255556 0.1255556 0.1255556 0.1255556 
RSO 6 0.1355556 0.1355556 0.1355556 0.1311111 0.1311111 0.1311111 0.1311111 0.1311111 0.1311111 
EGO 6 0.1355556 0.1355556 0.1355556 0.1355556 0.1355556 0.1355556 0.1355556 0.1322222 0.1322222 
TREGO 6 0.1355556 0.1355556 0.1355556 0.1355556 0.1355556 0.1355556 0.1355556 0.1355556 0.13 
RSO 7 0.1611111 0.1377778 0.1311111 0.1311111 0.1311111 0.1311111 0.1311111 0.1311111 0.1311111 
EGO 7 0.1611111 0.1322222 0.1322222 0.1322222 0.1322222 0.1322222 0.1322222 0.1322222 0.1266667 
TREGO 7 0.1611111 0.1311111 0.1311111 0.1255556 0.1255556 0.1255556 0.1255556 0.1255556 0.1255556 
RSO 8 0.15 0.1455556 0.1333333 0.13 0.13 0.13 0.13 0.13 0.13 
EGO 8 0.15 0.1355556 0.1355556 0.1344444 0.1311111 0.1311111 0.1311111 0.13 0.13 
TREGO 8 0.15 0.1322222 0.1322222 0.1322222 0.1322222 0.1322222 0.1322222 0.1322222 0.1322222 
RSO 9 0.1566667 0.1422222 0.1377778 0.1333333 0.1333333 0.1333333 0.1322222 0.1322222 0.1322222 
EGO 9 0.1566667 0.1411111 0.1344444 0.1344444 0.1344444 0.1311111 0.1311111 0.1311111 0.1311111 
TREGO 9 0.1566667 0.1344444 0.1344444 0.1311111 0.1233333 0.1233333 0.1233333 0.1233333 0.1233333 
RSO 10 0.1488889 0.1488889 0.1411111 0.1377778 0.1377778 0.1377778 0.1377778 0.1377778 0.1377778 
EGO 10 0.1488889 0.1477778 0.1477778 0.14 0.1288889 0.1288889 0.1288889 0.1288889 0.1288889 
TREGO 10 0.1488889 0.1488889 0.1411111 0.1355556 0.1355556 0.1344444 0.13 0.13 0.13 
RSO 11 0.1633333 0.1411111 0.1355556 0.1355556 0.1355556 0.1355556 0.1355556 0.13 0.13 
EGO 11 0.1633333 0.1388889 0.1366667 0.1366667 0.1288889 0.1288889 0.1288889 0.1288889 0.1288889 
TREGO 11 0.1633333 0.1411111 0.1333333 0.1333333 0.1333333 0.1333333 0.1311111 0.1311111 0.1311111 
RSO 12 0.1311111 0.1311111 0.1311111 0.1311111 0.1311111 0.1311111 0.1311111 0.1311111 0.1311111 
EGO 12 0.1311111 0.1311111 0.1311111 0.1311111 0.1311111 0.13 0.13 0.13 0.13 
TREGO 12 0.1311111 0.1311111 0.1311111 0.1311111 0.1311111 0.1311111 0.1311111 0.13 0.13 
RSO 13 0.1666667 0.14 0.14 0.1366667 0.1366667 0.1366667 0.1366667 0.1366667 0.1366667 
EGO 13 0.1666667 0.1411111 0.1411111 0.1355556 0.1311111 0.1311111 0.1311111 0.13 0.1266667 
TREGO 13 0.1666667 0.1388889 0.1388889 0.1388889 0.1388889 0.1377778 0.1344444 0.1288889 0.1288889 
RSO 14 0.1388889 0.1333333 0.1333333 0.1333333 0.1288889 0.1288889 0.1288889 0.1288889 0.1288889 
EGO 14 0.1388889 0.1388889 0.1377778 0.1355556 0.1355556 0.1311111 0.1311111 0.1311111 0.1311111 
TREGO 14 0.1388889 0.1388889 0.1388889 0.1355556 0.1355556 0.1355556 0.1355556 0.1311111 0.1311111 
RSO 15 0.1355556 0.1355556 0.1355556 0.1355556 0.1355556 0.1266667 0.1233333 0.1233333 0.1233333 
EGO 15 0.1355556 0.1311111 0.1311111 0.1311111 0.1311111 0.1311111 0.1311111 0.1311111 0.1311111 
TREGO 15 0.1355556 0.1322222 0.1322222 0.1322222 0.1311111 0.1244444 0.1244444 0.1244444 0.1244444 
