================================================================================ 
RSO 1 0.06666667 0.06190476 0.04285714 0.04285714 0.04285714 0.04285714 0.04285714 0.04285714 0.04285714 
EGO 1 0.06666667 0.04761905 0.04761905 0.04761905 0.04761905 0.04761905 0.04761905 0.04761905 0.04761905 
TREGO 1 0.06666667 0.06666667 0.06666667 0.04761905 0.04761905 0.04761905 0.04761905 0.04761905 0.04761905 
RSO 2 0.07142857 0.06666667 0.06666667 0.06190476 0.06190476 0.06190476 0.04285714 0.04285714 0.04285714 
EGO 2 0.07142857 0.07142857 0.06666667 0.06666667 0.05714286 0.04761905 0.04761905 0.04761905 0.04761905 
TREGO 2 0.07142857 0.07142857 0.07142857 0.05714286 0.05714286 0.05238095 0.05238095 0.05238095 0.04761905 
RSO 3 0.06666667 0.06666667 0.06666667 0.06666667 0.06666667 0.06666667 0.06666667 0.06190476 0.06190476 
EGO 3 0.06666667 0.06666667 0.06666667 0.06666667 0.06666667 0.06666667 0.06666667 0.06666667 0.06190476 
TREGO 3 0.06666667 0.06666667 0.06666667 0.06666667 0.06666667 0.06666667 0.06666667 0.06666667 0.06190476 
RSO 4 0.07619048 0.06190476 0.06190476 0.06190476 0.06190476 0.06190476 0.06190476 0.06190476 0.05238095 
EGO 4 0.07619048 0.07619048 0.07142857 0.05714286 0.05714286 0.05714286 0.05714286 0.05238095 0.05238095 
TREGO 4 0.07619048 0.06190476 0.06190476 0.06190476 0.06190476 0.06190476 0.06190476 0.05714286 0.05714286 
RSO 5 0.07619048 0.07619048 0.07619048 0.07142857 0.06666667 0.06666667 0.06666667 0.06666667 0.06666667 
EGO 5 0.07619048 0.07142857 0.05714286 0.05714286 0.05714286 0.04285714 0.04285714 0.04285714 0.04285714 
TREGO 5 0.07619048 0.07619048 0.07142857 0.07142857 0.06666667 0.05714286 0.05714286 0.05714286 0.05714286 
RSO 6 0.06666667 0.06190476 0.06190476 0.06190476 0.06190476 0.06190476 0.06190476 0.06190476 0.06190476 
EGO 6 0.06666667 0.06190476 0.06190476 0.06190476 0.06190476 0.06190476 0.06190476 0.06190476 0.06190476 
TREGO 6 0.06666667 0.06666667 0.06666667 0.06666667 0.06666667 0.06666667 0.06666667 0.04285714 0.04285714 
RSO 7 0.06190476 0.06190476 0.06190476 0.06190476 0.05238095 0.05238095 0.05238095 0.05238095 0.05238095 
EGO 7 0.06190476 0.06190476 0.06190476 0.06190476 0.06190476 0.06190476 0.05714286 0.05714286 0.05714286 
TREGO 7 0.06190476 0.06190476 0.06190476 0.06190476 0.06190476 0.06190476 0.06190476 0.06190476 0.06190476 
RSO 8 0.07142857 0.07142857 0.07142857 0.05238095 0.05238095 0.05238095 0.05238095 0.05238095 0.05238095 
EGO 8 0.07142857 0.06666667 0.06666667 0.06190476 0.06190476 0.06190476 0.05714286 0.03809524 0.03809524 
TREGO 8 0.07142857 0.07142857 0.06666667 0.06666667 0.06666667 0.06666667 0.05714286 0.05714286 0.05714286 
RSO 9 0.06666667 0.06190476 0.04285714 0.04285714 0.04285714 0.04285714 0.04285714 0.04285714 0.04285714 
EGO 9 0.06666667 0.06190476 0.06190476 0.06190476 0.06190476 0.06190476 0.05714286 0.05714286 0.05714286 
TREGO 9 0.06666667 0.06666667 0.06666667 0.06666667 0.04761905 0.04761905 0.04761905 0.04761905 0.04761905 
RSO 10 0.06190476 0.06190476 0.06190476 0.06190476 0.06190476 0.06190476 0.06190476 0.06190476 0.06190476 
EGO 10 0.06190476 0.06190476 0.06190476 0.05238095 0.05238095 0.05238095 0.05238095 0.05238095 0.05238095 
TREGO 10 0.06190476 0.06190476 0.06190476 0.05714286 0.05714286 0.05714286 0.05714286 0.05714286 0.05714286 
RSO 11 0.07142857 0.06666667 0.06666667 0.06666667 0.05714286 0.03333333 0.03333333 0.03333333 0.03333333 
EGO 11 0.07142857 0.06190476 0.06190476 0.06190476 0.06190476 0.06190476 0.06190476 0.06190476 0.06190476 
TREGO 11 0.07142857 0.06190476 0.06190476 0.06190476 0.06190476 0.06190476 0.06190476 0.05714286 0.05714286 
RSO 12 0.06666667 0.06190476 0.06190476 0.06190476 0.05714286 0.05238095 0.05238095 0.05238095 0.05238095 
EGO 12 0.06666667 0.06190476 0.06190476 0.06190476 0.06190476 0.06190476 0.06190476 0.06190476 0.05714286 
TREGO 12 0.06666667 0.06666667 0.05238095 0.05238095 0.05238095 0.05238095 0.05238095 0.05238095 0.05238095 
RSO 13 0.07142857 0.05714286 0.05714286 0.05714286 0.05714286 0.05714286 0.05714286 0.05714286 0.05238095 
EGO 13 0.07142857 0.05238095 0.05238095 0.05238095 0.05238095 0.05238095 0.04285714 0.04285714 0.04285714 
TREGO 13 0.07142857 0.07142857 0.06190476 0.06190476 0.05238095 0.05238095 0.05238095 0.05238095 0.05238095 
RSO 14 0.06666667 0.06666667 0.06666667 0.06190476 0.06190476 0.06190476 0.05714286 0.05714286 0.05714286 
EGO 14 0.06666667 0.06190476 0.06190476 0.06190476 0.06190476 0.06190476 0.06190476 0.06190476 0.06190476 
TREGO 14 0.06666667 0.06666667 0.06666667 0.06666667 0.05238095 0.05238095 0.05238095 0.05238095 0.05238095 
RSO 15 0.06190476 0.05714286 0.05238095 0.05238095 0.05238095 0.05238095 0.05238095 0.05238095 0.05238095 
EGO 15 0.06190476 0.05714286 0.05238095 0.05238095 0.05238095 0.05238095 0.05238095 0.05238095 0.05238095 
TREGO 15 0.06190476 0.06190476 0.06190476 0.05714286 0.05714286 0.05714286 0.05238095 0.05238095 0.05238095 
