RSO 1 0.3424837 0.05588235 0.04444444 0.03888889 0.03398693 0.02810458 0.02810458 0.02810458 0.02810458 
EGO 1 0.3424837 0.1117647 0.01666667 0.01666667 0.01666667 0.01666667 0.01666667 0.01666667 0.01666667 
TREGO 1 0.3424837 0.1787582 0.07320261 0.07320261 0.01699346 0.01111111 0.01111111 0.01111111 0.01111111 
RSO 2 0.1565359 0.01699346 0.01666667 0.01666667 0.01666667 0.01143791 0.01143791 0.01143791 0.01143791 
EGO 2 0.1565359 0.03333333 0.02810458 0.01666667 0.01666667 0.01666667 0.01666667 0.01666667 0.01666667 
TREGO 2 0.1565359 0.02222222 0.02222222 0.01699346 0.01699346 0.01699346 0.01143791 0.01143791 0.01143791 
RSO 3 0.04509804 0.02777778 0.01666667 0.01143791 0.01143791 0.01143791 0.01143791 0.01143791 0.01143791 
EGO 3 0.04509804 0.02254902 0.02254902 0.02254902 0.01666667 0.01666667 0.01666667 0.01666667 0.01666667 
TREGO 3 0.04509804 0.01111111 0.01111111 0.01111111 0.01111111 0.01111111 0.01111111 0.01111111 0.01111111 
RSO 4 0.04477124 0.02222222 0.01666667 0.01143791 0.01143791 0.01143791 0.01143791 0.01111111 0.01111111 
EGO 4 0.04477124 0.01699346 0.01666667 0.01666667 0.01666667 0.01666667 0.01666667 0.01666667 0.01666667 
TREGO 4 0.04477124 0.02254902 0.02254902 0.01666667 0.01666667 0.01666667 0.01666667 0.01666667 0.01666667 
RSO 5 0.04509804 0.01666667 0.01111111 0.01111111 0.01111111 0.01111111 0.01111111 0.01111111 0.01111111 
EGO 5 0.04509804 0.01666667 0.01666667 0.01666667 0.01666667 0.01666667 0.01666667 0.01666667 0.01666667 
TREGO 5 0.04509804 0.01666667 0.01666667 0.01111111 0.01111111 0.01111111 0.01111111 0.01111111 0.01111111 
RSO 6 0.2310458 0.06764706 0.03954248 0.03954248 0.03954248 0.02254902 0.01666667 0.01666667 0.01111111 
EGO 6 0.2310458 0.1013072 0.06699346 0.01111111 0.01111111 0.01111111 0.01111111 0.01111111 0.01111111 
TREGO 6 0.2310458 0.02843137 0.02843137 0.02843137 0.02843137 0.02222222 0.02222222 0.01699346 0.01699346 
RSO 7 0.4993464 0.02222222 0.02222222 0.02222222 0.02222222 0.02222222 0.02222222 0.01666667 0.01666667 
EGO 7 0.4993464 0.01699346 0.01699346 0.01699346 0.01111111 0.01111111 0.01111111 0.01111111 0.01111111 
TREGO 7 0.4993464 0.06764706 0.04477124 0.02222222 0.01111111 0.01111111 0.01111111 0.01111111 0.01111111 
RSO 8 0.1513072 0.01666667 0.01666667 0.01666667 0.01666667 0.01666667 0.01666667 0.01666667 0.01666667 
EGO 8 0.1513072 0.02222222 0.01666667 0.01666667 0.01666667 0.01666667 0.01666667 0.01666667 0.01666667 
TREGO 8 0.1513072 0.01666667 0.005555556 0.005555556 0.005555556 0.005555556 0.005555556 0.005555556 0.005555556 
RSO 9 0.05620915 0.01666667 0.01666667 0.01666667 0.01666667 0.01111111 0.01111111 0.01111111 0.01111111 
EGO 9 0.05620915 0.01699346 0.01699346 0.01666667 0.01666667 0.01666667 0.01666667 0.01666667 0.01666667 
TREGO 9 0.05620915 0.01666667 0.01666667 0.01666667 0.01666667 0.01666667 0.01143791 0.01143791 0.01143791 
RSO 10 0.2849673 0.1954248 0.1526144 0.1454248 0.1238562 0.1068627 0.1065359 0.09542484 0.07777778 
EGO 10 0.2849673 0.2849673 0.01699346 0.01699346 0.01699346 0.01699346 0.01699346 0.01699346 0.01699346 
TREGO 10 0.2849673 0.02810458 0.02222222 0.02222222 0.02222222 0.01111111 0.01111111 0.01111111 0.01111111 
RSO 11 0.02810458 0.02254902 0.01666667 0.01666667 0.01666667 0.01666667 0.01666667 0.01111111 0.01111111 
EGO 11 0.02810458 0.02810458 0.01143791 0.01143791 0.01143791 0.01143791 0.01143791 0.01143791 0.01143791 
TREGO 11 0.02810458 0.01666667 0.01666667 0.01666667 0.01666667 0.01666667 0.01666667 0.01666667 0.01666667 
RSO 12 0.1794118 0.01699346 0.01111111 0.01111111 0.01111111 0.01111111 0.01111111 0.01111111 0.01111111 
EGO 12 0.1794118 0.01699346 0.01666667 0.01111111 0.01111111 0.01111111 0.01111111 0.01111111 0.01111111 
TREGO 12 0.1794118 0.02254902 0.01666667 0.01111111 0.01111111 0.01111111 0.01111111 0.01111111 0.01111111 
RSO 13 0.07810458 0.06699346 0.05065359 0.04477124 0.03888889 0.03888889 0.03888889 0.03888889 0.02222222 
EGO 13 0.07810458 0.01666667 0.01666667 0.01666667 0.01143791 0.01143791 0.01143791 0.01143791 0.01143791 
TREGO 13 0.07810458 0.01666667 0.01666667 0.01666667 0.01666667 0.01666667 0.01666667 0.01666667 0.01666667 
RSO 14 0.03333333 0.03333333 0.02777778 0.01699346 0.01666667 0.01666667 0.01666667 0.01666667 0.01666667 
EGO 14 0.03333333 0.01732026 0.01699346 0.01666667 0.01666667 0.01666667 0.01666667 0.01666667 0.01666667 
TREGO 14 0.03333333 0.01666667 0.01666667 0.01666667 0.01666667 0.01666667 0.01666667 0.01666667 0.01666667 
RSO 15 0.03398693 0.01111111 0.01111111 0.01111111 0.01111111 0.01111111 0.01111111 0.01111111 0.01111111 
EGO 15 0.03398693 0.01111111 0.01111111 0.01111111 0.01111111 0.01111111 0.01111111 0.01111111 0.01111111 
TREGO 15 0.03398693 0.01699346 0.01666667 0.01143791 0.01143791 0.01143791 0.01143791 0.01143791 0.01143791 
