RSO 1 0.2325 0.205 0.205 0.205 0.205 0.205 0.205 0.205 0.205 0.205 0.205 0.205 0.205 0.205 0.205 0.205 0.205 0.205 0.205 
EGO 1 0.2325 0.2325 0.2275 0.2175 0.2175 0.2125 0.195 0.195 0.195 0.195 0.195 0.195 0.195 0.195 0.195 0.195 0.195 0.195 0.195 
TREGO 1 0.2325 0.215 0.215 0.215 0.2025 0.2025 0.2025 0.2025 0.2025 0.2025 0.2025 0.2025 0.195 0.195 0.195 0.195 0.195 0.195 0.195 
RSO 2 0.2975 0.215 0.205 0.205 0.205 0.205 0.205 0.205 0.205 0.205 0.205 0.205 0.205 0.2025 0.2025 0.2025 0.2025 0.2025 0.1975 
EGO 2 0.2975 0.2075 0.2 0.2 0.2 0.2 0.2 0.2 0.2 0.2 0.2 0.2 0.2 0.2 0.2 0.2 0.2 0.2 0.195 
TREGO 2 0.2975 0.2125 0.2125 0.21 0.21 0.21 0.21 0.21 0.21 0.21 0.21 0.21 0.21 0.21 0.21 0.21 0.21 0.21 0.21 
RSO 3 0.27 0.25 0.25 0.25 0.25 0.235 0.235 0.235 0.235 0.22 0.22 0.22 0.22 0.215 0.215 0.215 0.215 0.215 0.215 
EGO 3 0.27 0.24 0.24 0.24 0.24 0.24 0.24 0.24 0.24 0.24 0.22 0.22 0.22 0.22 0.22 0.22 0.1975 0.1975 0.1975 
TREGO 3 0.27 0.27 0.27 0.27 0.27 0.27 0.27 0.225 0.225 0.225 0.225 0.225 0.225 0.225 0.225 0.225 0.225 0.225 0.225 
RSO 4 0.2725 0.22 0.2125 0.2025 0.2025 0.2025 0.2025 0.2025 0.2025 0.2025 0.2025 0.2025 0.2025 0.2025 0.2025 0.2025 0.2025 0.2025 0.2025 
EGO 4 0.2725 0.235 0.2 0.2 0.2 0.1975 0.1975 0.1975 0.1975 0.1975 0.1975 0.1975 0.1975 0.1975 0.1975 0.1975 0.1975 0.1975 0.1975 
TREGO 4 0.2725 0.2325 0.2325 0.2175 0.2125 0.205 0.205 0.205 0.205 0.205 0.205 0.205 0.205 0.205 0.205 0.2025 0.2025 0.2025 0.2025 
RSO 5 0.2225 0.2225 0.2225 0.21 0.21 0.21 0.21 0.21 0.21 0.21 0.21 0.21 0.21 0.21 0.205 0.205 0.205 0.205 0.205 
EGO 5 0.2225 0.215 0.215 0.21 0.21 0.21 0.21 0.21 0.21 0.21 0.21 0.21 0.21 0.21 0.21 0.21 0.21 0.21 0.21 
TREGO 5 0.2225 0.2225 0.205 0.2 0.2 0.2 0.2 0.2 0.2 0.2 0.2 0.2 0.2 0.2 0.2 0.2 0.2 0.2 0.2 
RSO 6 0.305 0.2925 0.205 0.205 0.205 0.205 0.205 0.205 0.205 0.205 0.205 0.205 0.205 0.205 0.205 0.205 0.205 0.205 0.205 
EGO 6 0.305 0.305 0.305 0.3025 0.3025 0.2775 0.2775 0.2775 0.2775 0.2775 0.2775 0.2775 0.2775 0.2775 0.2775 0.2775 0.2775 0.2775 0.2775 
TREGO 6 0.305 0.245 0.2175 0.2175 0.2175 0.2175 0.215 0.2125 0.2125 0.2125 0.2125 0.2125 0.2125 0.2125 0.2075 0.2075 0.2075 0.2075 0.2075 
RSO 7 0.2825 0.2775 0.275 0.215 0.215 0.215 0.215 0.215 0.215 0.2125 0.2125 0.2125 0.2125 0.2125 0.2125 0.2125 0.2125 0.2125 0.2125 
EGO 7 0.2825 0.265 0.265 0.235 0.235 0.235 0.235 0.235 0.235 0.235 0.21 0.21 0.21 0.21 0.21 0.21 0.21 0.21 0.21 
TREGO 7 0.2825 0.275 0.2475 0.2375 0.22 0.2 0.2 0.2 0.2 0.2 0.2 0.2 0.2 0.2 0.2 0.2 0.2 0.2 0.2 
RSO 8 0.3925 0.2075 0.2075 0.2075 0.2075 0.2075 0.2075 0.2075 0.2075 0.2075 0.1925 0.1925 0.1925 0.1925 0.1925 0.1925 0.1925 0.1925 0.1925 
EGO 8 0.3925 0.3925 0.335 0.335 0.335 0.335 0.335 0.2475 0.2475 0.2475 0.2475 0.2475 0.2475 0.235 0.23 0.2275 0.2025 0.2025 0.2025 
