################################################################################
# nsteps: 5 rho:  Lower Bound: (-5, 0) Upper Bound: (10, 15) Budget: 70
################################################################################
"TREGO" 1 8.67741216797981 2.2414826694339 0.0357993103834254 0.000665680513295963 0.000665680513295963 0.000665680513295963 0.000103382502447569 0.000103382502447569 0.000103382502447569 2.38819709685867e-06 1.20336028686108e-06 1.20336028686108e-06 3.89320835902929e-07
"EGO" 1 8.67741216797981 0.0256624677021023 0.0256624677021023 0.00477578114138566 2.42746894735246e-05 2.42746894735246e-05 2.42746894735246e-05 2.42746894735246e-05 2.42746894735246e-05 2.42746894735246e-05 2.42746894735246e-05 2.42746894735246e-05 2.42746894735246e-05
"RSO" 1 8.67741216797981 0.0256624756092972 0.000286274601971281 0.000286274601971281 0.000286274601971281 3.90079210753624e-05 3.90079210753624e-05 3.86332550728063e-07 3.60100725127488e-07 3.59371086555704e-07 3.5862821234911e-07 3.5862821234911e-07 3.58263282929094e-07
"TREGO" 2 6.57630240613661 1.51937255882009 0.0213345126734222 0.000190045359706015 0.000190045359706015 0.000190045359706015 0.000190045359706015 0.000150796536884878 1.5766758075797e-06 3.61762023781687e-07 3.61762023781687e-07 3.61762023781687e-07 3.61762023781687e-07
"EGO" 2 6.57630240613661 1.51937275593688 0.331007056782535 0.0240333716315576 4.47406261326888e-05 4.47406261326888e-05 4.47406261326888e-05 4.47406261326888e-05 4.47406261326888e-05 4.47406261326888e-05 4.47406261326888e-05 4.47406261326888e-05 4.47406261326888e-05
"RSO" 2 6.57630240613661 1.51937302808262 0.000661794312191044 0.00057691314311803 2.69352888996321e-05 3.99774905512906e-07 3.71186033798487e-07 3.63670648151349e-07 3.627597572331e-07 3.62525507280331e-07 3.57930825312103e-07 3.57930825312103e-07 3.57930825312103e-07
"TREGO" 3 0.291425851585328 0.291425851585328 0.291425851585328 0.00224646045226329 0.000257593189398331 0.000136044741513852 0.000136044741513852 0.000136044741513852 3.99436760001315e-07 3.99436760001315e-07 3.99436760001315e-07 3.99436760001315e-07 3.99436760001315e-07
"EGO" 3 0.291425851585328 0.291425851585328 0.221425963936212 0.00116666828614675 0.00116666828614675 0.00116666828614675 0.000620645007489595 0.000620645007489595 0.000620645007489595 0.000620645007489595 0.000620645007489595 0.000620645007489595 0.000620645007489595
"RSO" 3 0.291425851585328 0.291425851585328 0.220101217321065 2.39629527143403e-06 2.39629527143403e-06 2.39629527143403e-06 3.67562914216357e-07 3.65359599352466e-07 3.64943937181117e-07 3.64295467458753e-07 3.62386283536686e-07 3.59630395574406e-07 3.59318952258825e-07
"TREGO" 4 0.333100415593045 0.333100415593045 0.0282802959037224 0.0121515912592941 0.0121515912592941 0.000746845037739585 0.000746845037739585 0.000321573270688158 9.21683475557655e-05 1.94133829517495e-05 5.05658014016142e-07 5.05658014016142e-07 3.96098893129526e-07
"EGO" 4 0.333100415593045 0.333100415593045 0.276332232686731 0.0096285581825527 0.000243576473061391 0.000243576473061391 0.000243576473061391 0.000243576473061391 0.000243576473061391 0.000243576473061391 0.000243576473061391 0.000243576473061391 0.000243576473061391
"RSO" 4 0.333100415593045 0.333100415593045 0.00599929515673636 7.32977058931494e-05 7.32977058931494e-05 7.32977058931494e-05 3.33301312246403e-05 4.15735356251723e-07 4.15735356251723e-07 3.72188934671946e-07 3.72188934671946e-07 3.72188934671946e-07 3.69733741290013e-07
"TREGO" 5 0.882834555690144 0.882834555690144 0.0265547991035778 0.000572068917018664 0.000572068917018664 0.000224494988540935 0.000224494988540935 2.27519142573795e-05 1.01777179650764e-06 1.01777179650764e-06 1.01777179650764e-06 1.01777179650764e-06 1.01777179650764e-06
"EGO" 5 0.882834555690144 0.882834555690144 0.122640476772084 0.0202261259964293 0.00362138689747027 0.000267738981270749 0.000229246828484686 0.000229246828484686 0.000229246828484686 7.35349448256484e-05 7.35349448256484e-05 7.35349448256484e-05 7.35349448256484e-05
"RSO" 5 0.882834555690144 0.882834555690144 0.000583019891853165 0.000158552360544628 5.25242644532353e-05 5.25242644532353e-05 3.72854853547544e-07 3.72854853547544e-07 3.64951428077909e-07 3.60141844235606e-07 3.57931724148663e-07 3.57931724148663e-07 3.57931724148663e-07
"TREGO" 6 0.0343101090162844 0.0343101090162844 0.0122648553876034 0.00029676022099856 0.00029676022099856 0.00029676022099856 3.36535566958229e-06 1.1104671234774e-06 1.1104671234774e-06 1.1104671234774e-06 1.1104671234774e-06 1.1104671234774e-06 4.11645788456205e-07
"EGO" 6 0.0343101090162844 0.0343101090162844 0.0343101090162844 0.0045068466190078 0.0045068466190078 0.00104863912300146 0.00104863912300146 0.00104863912300146 0.00104863912300146 3.44031603638495e-06 3.44031603638495e-06 3.44031603638495e-06 3.44031603638495e-06
"RSO" 6 0.0343101090162844 0.0343101090162844 0.00618506206100811 2.57869158869495e-05 2.57869158869495e-05 2.57869158869495e-05 2.57869158869495e-05 2.57869158869495e-05 2.57869158869495e-05 2.57869158869495e-05 2.57869158869495e-05 9.96266860375794e-06 3.59644080627497e-07
"TREGO" 7 2.23762845283793 0.252217425379054 0.0226987003109461 0.00636842745459354 9.90780905207878e-07 9.90780905207878e-07 9.90780905207878e-07 9.90780905207878e-07 9.90780905207878e-07 9.90780905207878e-07 9.90780905207878e-07 7.44411706388171e-07 7.44411706388171e-07
"EGO" 7 2.23762845283793 0.000915796861014395 0.000915796861014395 0.000915796861014395 0.000915796861014395 0.000659926202620009 0.000659926202620009 0.000144877254792841 0.000144877254792841 0.000144877254792841 0.000144877254792841 0.000144877254792841 0.000144877254792841
"RSO" 7 2.23762845283793 0.000915788584200494 0.000915788584200494 6.77362273532323e-05 6.77362273532323e-05 6.77362273532323e-05 4.51606717244424e-07 3.60255705156298e-07 3.60255705156298e-07 3.60255705156298e-07 3.5951227672637e-07 3.59378072967154e-07 3.59378072967154e-07
"TREGO" 8 2.79931577046058 0.226106140534941 0.100160463413123 3.86903379617776e-05 3.86903379617776e-05 6.45979077418257e-06 1.03500698400705e-06 1.03500698400705e-06 5.00571957995355e-07 5.00571957995355e-07 3.8486974751617e-07 3.8486974751617e-07 3.8486974751617e-07
"EGO" 8 2.79931577046058 0.569149358462705 0.504144930141778 0.000860885761455488 0.000860885761455488 0.000860885761455488 3.37562546348646e-06 3.37562546348646e-06 3.37562546348646e-06 3.37562546348646e-06 3.37562546348646e-06 3.37562546348646e-06 3.37562546348646e-06
"RSO" 8 2.79931577046058 0.569154409129813 0.0166819666535013 8.65626863411073e-07 8.65626863411073e-07 8.65626863411073e-07 8.65626863411073e-07 3.60238430086035e-07 3.60238430086035e-07 3.58266102007399e-07 3.58266102007399e-07 3.58266102007399e-07 3.58266102007399e-07
"TREGO" 9 1.91659122685823 1.8086986304997 0.149709787659469 0.00221764915617662 6.39086206966066e-06 6.39086206966066e-06 1.27567019070352e-06 1.27567019070352e-06 1.27567019070352e-06 1.27567019070352e-06 1.27567019070352e-06 1.27567019070352e-06 1.27567019070352e-06
"EGO" 9 1.91659122685823 1.80869917329699 0.149709932233013 0.0110972746459205 0.00247105066768938 0.00247105066768938 0.00247105066768938 0.00247105066768938 0.00247105066768938 0.00029927505638383 0.00029927505638383 0.00029927505638383 0.00029927505638383
"RSO" 9 1.91659122685823 1.80869917697692 5.8006369066943e-06 5.8006369066943e-06 5.8006369066943e-06 9.24204558994113e-07 8.47611039911378e-07 8.14865617537741e-07 3.65344432817771e-07 3.65344432817771e-07 3.65344432817771e-07 3.65344432817771e-07 3.65344432817771e-07
"TREGO" 10 3.89869826819915 1.12155794430267 0.0144348508847391 0.0141104614591868 7.74063846165074e-06 7.74063846165074e-06 7.74063846165074e-06 7.74063846165074e-06 7.74063846165074e-06 2.52242504827915e-06 4.83797664041496e-07 4.05545906967397e-07 3.96207993413888e-07
"EGO" 10 3.89869826819915 3.89869826819915 0.179882924724816 0.0151409949771225 0.00142335766892721 0.000254866343131321 0.000254866343131321 0.000254866343131321 0.000254866343131321 0.000254866343131321 0.000254866343131321 0.000254866343131321 0.000254866343131321
"RSO" 10 3.89869826819915 3.89869826819915 0.000526215752006176 0.000526215752006176 9.08390193136155e-05 9.08390193136155e-05 9.08390193136155e-05 9.08390193136155e-05 9.08390193136155e-05 9.08390193136155e-05 9.08390193136155e-05 3.70199832455675e-07 3.70199832455675e-07
