################################################################################
# nsteps: 5 rho:  Lower Bound: (-5, 0) Upper Bound: (10, 15) Budget: 70
################################################################################
"TREGO" 1 0.850952522818024 0.850952522818024 0.00307128232520426 0.00307128232520426 0.00307128232520426 0.00307128232520426 1.19492025668633e-05 9.09431322138055e-07 9.09431322138055e-07 4.71052104766834e-07 4.71052104766834e-07 4.71052104766834e-07 4.71052104766834e-07
"EGO" 1 0.850952522818024 0.850952522818024 0.165729888123747 0.00651896567471233 0.00460408085757791 0.00460408085757791 0.00307865228234128 1.76745703094339e-05 1.76745703094339e-05 1.76745703094339e-05 1.76745703094339e-05 1.76745703094339e-05 1.76745703094339e-05
"RSO" 1 0.850952522818024 0.850952522818024 0.165729191900765 0.00372559334781541 0.00016037946602665 0.00016037946602665 0.00016037946602665 0.00016037946602665 0.00016037946602665 0.00016037946602665 0.00016037946602665 0.00016037946602665 9.87172415357618e-05
"TREGO" 2 1.40133608587363 1.40133608587363 0.198253840405482 0.0151640138603967 0.000453599308387065 0.000319759159778665 3.22619402204349e-06 5.20722607144641e-07 4.21155045837729e-07 4.08432406895365e-07 4.08432406895365e-07 4.08432406895365e-07 4.08432406895365e-07
"EGO" 2 1.40133608587363 0.489406221089951 0.0552247536570601 0.00122100775132317 0.000115842721098214 0.000115842721098214 0.000115842721098214 0.000115842721098214 0.000115842721098214 0.000115842721098214 0.000115842721098214 0.000115842721098214 0.000115842721098214
"RSO" 2 1.40133608587363 0.616494981839776 0.268892286655821 0.000138395169739236 0.000138395169739236 0.000138395169739236 0.000138395169739236 0.000138395169739236 1.27438068106001e-05 1.27438068106001e-05 1.27438068106001e-05 1.27438068106001e-05 1.27438068106001e-05
"TREGO" 3 16.8563718485977 5.41589777110503 0.139855403296198 0.014842152834725 5.50756985684409e-07 5.50756985684409e-07 4.72571310861092e-07 4.72571310861092e-07 4.72571310861092e-07 4.72571310861092e-07 4.72571310861092e-07 4.72571310861092e-07 4.72571310861092e-07
"EGO" 3 16.8563718485977 4.67097335215923 0.206244889479826 0.0334471986874431 0.000372144464010016 0.000372144464010016 9.1686810663627e-05 9.1686810663627e-05 6.59045279921555e-05 6.59045279921555e-05 6.59045279921555e-05 6.59045279921555e-05 6.59045279921555e-05
"RSO" 3 16.8563718485977 1.67499656351625 0.0323578233564746 0.00113159982829891 0.000633446499329504 0.000299412850614966 0.000299412850614966 0.000299412850614966 0.000299412850614966 0.000299412850614966 0.000299412850614966 0.000299412850614966 0.000299412850614966
"TREGO" 4 3.00467360130112 1.66034957509583 0.00949455970151092 0.00949455970151092 0.00222607401046282 0.000745397127023817 2.56210452753702e-06 1.54500565485716e-06 3.67149911251197e-07 3.67149911251197e-07 3.67149911251197e-07 3.67149911251197e-07 3.67149911251197e-07
"EGO" 4 3.00467360130112 1.66860118124354 0.0344698879057227 0.00872255664039201 0.000565864070856459 0.000565864070856459 2.25467945317304e-05 2.25467945317304e-05 2.25467945317304e-05 2.25467945317304e-05 2.25467945317304e-05 2.25467945317304e-05 2.25467945317304e-05
"RSO" 4 3.00467360130112 1.66860121636611 0.108046522207485 0.000414565618673701 0.00017828940811071 3.76880360616338e-05 3.76880360616338e-05 3.76880360616338e-05 3.76880360616338e-05 3.76880360616338e-05 3.76880360616338e-05 3.76880360616338e-05 3.76880360616338e-05
"TREGO" 5 1.68633514090247 1.68633514090247 0.0173756345411026 2.42695671798243e-05 2.42695671798243e-05 6.66106884206208e-07 6.66106884206208e-07 6.66106884206208e-07 6.66106884206208e-07 6.66106884206208e-07 6.66106884206208e-07 6.66106884206208e-07 6.66106884206208e-07
"EGO" 5 1.68633514090247 1.0002124236103 0.300669333363445 0.0190111574103921 0.000397979583770858 0.000397979583770858 0.000397979583770858 4.02600847512202e-05 4.02600847512202e-05 4.02600847512202e-05 4.02600847512202e-05 4.02600847512202e-05 4.02600847512202e-05
"RSO" 5 1.68633514090247 1.68633514090247 0.253807541356237 0.000600372970379293 5.44641344357721e-07 5.44641344357721e-07 5.44641344357721e-07 5.44641344357721e-07 5.44641344357721e-07 5.44641344357721e-07 5.44641344357721e-07 5.44641344357721e-07 5.44641344357721e-07
"TREGO" 6 2.98635910843742 1.84171445078349 0.0174382568099024 3.08559664262686e-05 3.08559664262686e-05 8.93254837819324e-06 8.93254837819324e-06 8.93254837819324e-06 8.93254837819324e-06 8.93254837819324e-06 4.36369360978794e-07 4.36369360978794e-07 4.36369360978794e-07
"EGO" 6 2.98635910843742 1.84244272420476 0.00978169115284977 0.00978169115284977 0.000688002335400451 0.000688002335400451 7.02895913284873e-06 7.02895913284873e-06 7.02895913284873e-06 7.02895913284873e-06 7.02895913284873e-06 7.02895913284873e-06 7.02895913284873e-06
"RSO" 6 2.98635910843742 0.172106188674047 0.00448063416795541 0.000308821742342924 0.000308821742342924 0.000308821742342924 0.000308821742342924 0.000308821742342924 0.000308821742342924 0.000308821742342924 6.52320010530172e-06 6.52320010530172e-06 6.52320010530172e-06
"TREGO" 7 2.78744797602899 1.72371706660535 0.0829949452161455 0.0139663841242691 0.0027660068199048 2.35128548941033e-05 1.14668389173955e-05 1.14668389173955e-05 1.21413293718842e-06 4.98659466496854e-07 4.98659466496854e-07 4.67212965982178e-07 3.67750497498598e-07
"EGO" 7 2.78744797602899 1.7237169948239 0.0618245075693399 0.0234592067961409 0.00180660878844108 0.000466150267873 3.16666637915075e-05 3.16666637915075e-05 3.16666637915075e-05 3.16666637915075e-05 3.16666637915075e-05 3.16666637915075e-05 3.16666637915075e-05
"RSO" 7 2.78744797602899 1.72371708172585 0.0726717175129331 0.0121758867619989 0.000236242186764879 0.000236242186764879 0.000236242186764879 0.000236242186764879 0.000236242186764879 0.000236242186764879 0.000236242186764879 0.000236242186764879 4.51658866296167e-06
"TREGO" 8 0.740655935218956 0.545334253404662 0.18630727374316 0.00315869973791194 0.00126360491923883 0.00126360491923883 0.000420791515119201 1.30957568654777e-05 1.50505409457491e-06 5.62516602964358e-07 5.62516602964358e-07 5.62516602964358e-07 5.62516602964358e-07
"EGO" 8 0.740655935218956 0.740655935218956 0.27645789285276 0.0242366787556588 0.000403281884982287 0.000403281884982287 0.000403281884982287 0.000403281884982287 0.000403281884982287 0.000403281884982287 0.000403281884982287 0.000403281884982287 0.000403281884982287
"RSO" 8 0.740655935218956 0.740655935218956 0.0590584223041287 0.0204691884037808 0.0032193211832191 0.0032193211832191 0.0032193211832191 0.000100354204273567 0.000100354204273567 0.000100354204273567 0.000100354204273567 0.000100354204273567 0.000100354204273567
"TREGO" 9 7.1582862753592 2.19341662255051 0.620982597544263 0.00100512013286724 0.00100512013286724 0.000132917175059144 0.000132917175059144 0.000132917175059144 4.33777750497022e-07 4.33777750497022e-07 4.33777750497022e-07 4.33777750497022e-07 3.74955058002335e-07
"EGO" 9 7.1582862753592 2.61690275400159 0.00750213649514719 0.00750213649514719 0.00160186287870701 0.00160186287870701 0.00160186287870701 0.00160186287870701 0.00160186287870701 8.6872098731261e-06 8.6872098731261e-06 8.6872098731261e-06 8.6872098731261e-06
"RSO" 9 7.1582862753592 2.80071263440746 0.00279783227947383 0.0027816953187888 0.0027816953187888 0.0027816953187888 0.0027816953187888 3.607849376841e-05 3.607849376841e-05 3.607849376841e-05 3.607849376841e-05 3.607849376841e-05 3.607849376841e-05
"TREGO" 10 8.88568967802601 0.0802699741424452 0.0802699741424452 0.000834010039457378 0.000834010039457378 0.00078706436530751 9.98363095686683e-05 1.20899665326801e-05 7.23729894047676e-06 7.23729894047676e-06 7.23729894047676e-06 5.08732023341008e-06 3.86005917785148e-07
"EGO" 10 8.88568967802601 0.0802725403523991 0.0802725403523991 0.00966890738440263 0.000710915513878585 0.000710915513878585 0.000413103207271059 0.000413103207271059 0.000413103207271059 0.000413103207271059 0.000413103207271059 0.000413103207271059 0.000413103207271059
"RSO" 10 8.88568967802601 0.0693451811059685 0.0693451811059685 0.0303333256779234 0.00221734197626311 2.14625415154712e-05 2.14625415154712e-05 2.14625415154712e-05 2.14625415154712e-05 2.14625415154712e-05 2.14625415154712e-05 2.14625415154712e-05 2.14625415154712e-05
################################################################################
# nsteps: 5 rho:  Lower Bound: (-5, 0) Upper Bound: (10, 15) Budget: 70
################################################################################
"TREGO" 1 6.58696236301858 0.125249582101207 0.125249582101207 0.00519688252227446 0.00519688252227446 0.000139882969059424 0.000139882969059424 7.18762502738279e-07 7.18762502738279e-07 4.17337727820488e-07 3.58290178748e-07 3.58290178748e-07 3.58290178748e-07
"EGO" 1 6.58696236301858 1.33537833786219 0.814016354520691 0.0103408871060385 0.0103408871060385 0.000167384488586886 0.000167384488586886 0.000167384488586886 0.000167384488586886 0.000167384488586886 0.000167384488586886 5.73797503812257e-05 5.73797503812257e-05
"RSO" 1 6.58696236301858 1.33537734344525 0.000184450308089334 0.000184450308089334 0.000184450308089334 0.000184450308089334 0.000184450308089334 0.000184450308089334 0.000184450308089334 0.000184450308089334 0.000184450308089334 0.000184450308089334 0.000184450308089334
"TREGO" 2 0.274531781345613 0.274531781345613 0.274531781345613 0.0198626065611006 0.00124774177975062 0.00124774177975062 2.59550595138602e-06 2.59550595138602e-06 1.44123822110043e-06 1.44123822110043e-06 5.03742603963353e-07 5.03742603963353e-07 4.34134684534904e-07
"EGO" 2 0.274531781345613 0.274531781345613 0.274531781345613 0.0423683149597388 0.00126697832419331 0.000880884386392888 0.000880884386392888 0.000199042837372043 0.000199042837372043 5.66791651522847e-05 5.66791651522847e-05 5.66791651522847e-05 5.66791651522847e-05
"RSO" 2 0.274531781345613 0.274531781345613 0.274531781345613 0.0429825922869104 0.000654720797878094 0.000654720797878094 0.000654720797878094 0.000551326166617794 0.000551326166617794 0.000202379347826631 0.000202379347826631 0.000202379347826631 2.50615525761999e-05
"TREGO" 3 5.76952587289876 0.0865899232223971 0.00180550659405732 0.00180550659405732 4.4649628357929e-06 4.07647109734732e-07 4.07647109734732e-07 3.74898870059148e-07 3.74898870059148e-07 3.74898870059148e-07 3.74898870059148e-07 3.74898870059148e-07 3.74898870059148e-07
"EGO" 3 5.76952587289876 0.0865897202679314 0.0865897202679314 0.0576708391109005 0.000614291107226772 0.000405723267912772 0.000405723267912772 3.89991623961361e-06 3.89991623961361e-06 3.89991623961361e-06 3.89991623961361e-06 3.89991623961361e-06 3.89991623961361e-06
"RSO" 3 5.76952587289876 0.0865898590968425 0.00267031288902408 2.09514397234711e-05 2.09514397234711e-05 2.09514397234711e-05 2.09514397234711e-05 2.09514397234711e-05 2.09514397234711e-05 2.09514397234711e-05 2.09514397234711e-05 2.09514397234711e-05 2.09514397234711e-05
"TREGO" 4 1.54532717960148 1.54532717960148 0.123465248153496 0.00869472808282346 0.00869472808282346 0.00074956415859162 0.00074956415859162 3.8706239002817e-07 3.8706239002817e-07 3.8706239002817e-07 3.8706239002817e-07 3.8706239002817e-07 3.8706239002817e-07
"EGO" 4 1.54532717960148 1.54532717960148 0.135746226510172 0.00259636544863795 0.000651706537639352 0.000651706537639352 7.76735877278112e-05 7.76735877278112e-05 7.76735877278112e-05 7.76735877278112e-05 7.76735877278112e-05 7.76735877278112e-05 7.76735877278112e-05
"RSO" 4 1.54532717960148 1.54532717960148 0.135746350829229 0.00051778201091579 0.000389355737928976 2.43558348750339e-05 2.43558348750339e-05 2.43558348750339e-05 2.43558348750339e-05 2.43558348750339e-05 1.97439703243374e-05 1.97439703243374e-05 1.97439703243374e-05
"TREGO" 5 4.27937003344821 2.28183162476344 0.0137183363432624 0.000281966184913496 6.77152317218876e-07 6.77152317218876e-07 6.77152317218876e-07 6.73042697907356e-07 6.73042697907356e-07 6.73042697907356e-07 6.73042697907356e-07 4.91285411352571e-07 4.91285411352571e-07
"EGO" 5 4.27937003344821 2.01214683142567 0.00219098872064272 0.00219098872064272 0.00219098872064272 0.00219098872064272 0.000474000239333416 0.000474000239333416 0.000474000239333416 0.000108000728082369 8.13182087078257e-06 8.13182087078257e-06 8.13182087078257e-06
"RSO" 5 4.27937003344821 2.01214661407208 2.40959956990805e-05 2.40959956990805e-05 2.40959956990805e-05 2.40959956990805e-05 2.40959956990805e-05 2.40959956990805e-05 2.40959956990805e-05 2.40959956990805e-05 2.40959956990805e-05 2.40959956990805e-05 2.40959956990805e-05
"TREGO" 6 3.47006142217778 0.483066736732199 0.0249478944408431 0.0249478944408431 0.000736442450343655 0.000736442450343655 0.000736442450343655 8.34584966902252e-06 8.34584966902252e-06 8.34584966902252e-06 8.34584966902252e-06 8.34584966902252e-06 3.95390294627429e-06
"EGO" 6 3.47006142217778 0.278389137543944 0.0354881963368453 0.00355742640893275 0.00324251490220007 0.00324251490220007 0.00088638643058736 0.00088638643058736 0.00088638643058736 0.00088638643058736 1.45968024235499e-05 1.45968024235499e-05 1.45968024235499e-05
"RSO" 6 3.47006142217778 3.47006142217778 0.263324149329095 0.00634258309984126 6.94348871385086e-05 6.94348871385086e-05 6.94348871385086e-05 6.94348871385086e-05 6.94348871385086e-05 6.94348871385086e-05 6.94348871385086e-05 6.94348871385086e-05 6.94348871385086e-05
"TREGO" 7 0.497249258140095 0.497249258140095 0.0486472248824538 0.00998977031542558 1.53251615441219e-05 1.53251615441219e-05 1.4136811906762e-05 3.74641323186431e-07 3.61498170842189e-07 3.61498170842189e-07 3.61498170842189e-07 3.61498170842189e-07 3.61498170842189e-07
"EGO" 7 0.497249258140095 0.139522615283565 0.139522615283565 0.0121838540111189 0.00140301197648618 0.00140301197648618 0.000414359189025215 0.000414359189025215 0.000414359189025215 0.000414359189025215 0.000414359189025215 0.000414359189025215 0.000414359189025215
"RSO" 7 0.497249258140095 0.497249258140095 0.386977431952775 0.00230068885651036 0.000223785420040978 0.000223785420040978 0.000223785420040978 0.000223785420040978 0.000223785420040978 0.000223785420040978 0.000223785420040978 0.000223785420040978 0.000223785420040978
"TREGO" 8 0.94403035675992 0.94403035675992 0.267528370638065 0.00015115848952163 0.00015115848952163 5.94106721929499e-07 4.00627618968308e-07 4.00627618968308e-07 3.60939686028239e-07 3.57962558150682e-07 3.57962558150682e-07 3.57962558150682e-07 3.57962558150682e-07
"EGO" 8 0.94403035675992 0.94403035675992 0.262878509410433 0.000726477777063361 0.000604336115991866 1.50964378659024e-05 1.50964378659024e-05 1.50964378659024e-05 1.50964378659024e-05 1.50964378659024e-05 1.50964378659024e-05 1.50964378659024e-05 1.50964378659024e-05
"RSO" 8 0.94403035675992 0.94403035675992 0.262878409458826 0.000126061470072325 3.94672681370833e-05 3.94672681370833e-05 3.94672681370833e-05 3.94672681370833e-05 3.94672681370833e-05 2.5872818348871e-06 2.5872818348871e-06 2.5872818348871e-06 2.5872818348871e-06
"TREGO" 9 5.17622837794451 1.54812361041358 0.0143495016980982 0.000118159591624756 0.000118159591624756 0.000118159591624756 0.000118159591624756 0.000118159591624756 1.51484686206071e-06 1.51484686206071e-06 1.51484686206071e-06 5.6783074497968e-07 5.6783074497968e-07
"EGO" 9 5.17622837794451 2.04842992455827 0.044308107810635 0.044308107810635 0.00459447438975935 0.000597351304661653 0.00051398573248107 0.00051398573248107 4.62899580345733e-05 4.62899580345733e-05 4.62899580345733e-05 4.62899580345733e-05 4.62899580345733e-05
"RSO" 9 5.17622837794451 1.54229693630303 0.0128025238783661 0.00132375896395132 7.87630644162318e-05 7.87630644162318e-05 7.87630644162318e-05 7.87630644162318e-05 7.87630644162318e-05 7.87630644162318e-05 7.87630644162318e-05 4.89000933833195e-05 4.89000933833195e-05
"TREGO" 10 3.58109412451654 0.0434486609465424 0.0434486609465424 0.00164700187968847 4.96711794251148e-07 3.60969637180908e-07 3.60969637180908e-07 3.60969637180908e-07 3.60969637180908e-07 3.60969637180908e-07 3.60969637180908e-07 3.60969637180908e-07 3.60969637180908e-07
"EGO" 10 3.58109412451654 0.184330859377232 0.101543366843869 0.0259418864184909 0.000124418086076328 0.000124418086076328 0.000124418086076328 0.000124418086076328 2.12946137690961e-05 2.12946137690961e-05 2.12946137690961e-05 2.12946137690961e-05 2.12946137690961e-05
"RSO" 10 3.58109412451654 0.184331099852929 3.01901966260898e-05 1.78749531823952e-05 1.78749531823952e-05 1.78749531823952e-05 1.78749531823952e-05 1.78749531823952e-05 1.78749531823952e-05 1.78749531823952e-05 1.78749531823952e-05 1.78749531823952e-05 1.78749531823952e-05
