RSO 1 0.2918182 0.2736364 0.2627273 0.2627273 0.2627273 0.2627273 0.2627273 0.2627273 0.2627273 0.2627273 0.2627273 0.2627273 0.2627273 0.2627273 0.2363636 0.2363636 0.2363636 0.2363636 0.2363636 
EGO 1 0.2918182 0.2918182 0.2536364 0.2536364 0.2536364 0.2536364 0.2536364 0.2536364 0.2536364 0.2536364 0.2536364 0.2536364 0.2536364 0.2536364 0.2536364 0.2436364 0.2436364 0.2436364 0.2436364 
TREGO 1 0.2918182 0.2918182 0.2345455 0.2345455 0.2345455 0.2345455 0.2345455 0.2345455 0.2345455 0.2345455 0.2345455 0.2345455 0.2345455 0.2345455 0.2345455 0.2345455 0.2345455 0.2345455 0.2345455 
RSO 2 0.2936364 0.2936364 0.2936364 0.2836364 0.2836364 0.2827273 0.2681818 0.2681818 0.2681818 0.2681818 0.2681818 0.2681818 0.2681818 0.2681818 0.2681818 0.2681818 0.2681818 0.2681818 0.2681818 
EGO 2 0.2936364 0.2836364 0.2836364 0.2836364 0.2836364 0.2836364 0.2836364 0.2836364 0.2836364 0.2836364 0.2836364 0.2636364 0.2636364 0.2636364 0.2636364 0.2636364 0.2636364 0.2636364 0.2636364 
TREGO 2 0.2936364 0.2936364 0.2936364 0.2936364 0.29 0.29 0.2672727 0.2672727 0.2672727 0.2672727 0.2672727 0.2672727 0.2672727 0.2672727 0.2663636 0.2663636 0.2654545 0.2654545 0.2654545 
RSO 3 0.3645455 0.3645455 0.3645455 0.3645455 0.3209091 0.2909091 0.2909091 0.2909091 0.2909091 0.2890909 0.2890909 0.2890909 0.2890909 0.2890909 0.2890909 0.2890909 0.2890909 0.2890909 0.2890909 
EGO 3 0.3645455 0.3645455 0.3409091 0.3027273 0.2836364 0.2836364 0.2827273 0.2827273 0.2827273 0.2827273 0.2827273 0.28 0.28 0.2718182 0.2718182 0.2718182 0.2690909 0.2690909 0.2690909 
TREGO 3 0.3645455 0.3472727 0.3472727 0.3472727 0.3054545 0.2172727 0.2172727 0.2172727 0.2172727 0.2172727 0.2172727 0.2172727 0.2172727 0.2172727 0.2172727 0.2172727 0.2172727 0.2172727 0.2172727 
RSO 4 0.3027273 0.3027273 0.2927273 0.2690909 0.2690909 0.2690909 0.2690909 0.2690909 0.2690909 0.2690909 0.2690909 0.2690909 0.2690909 0.2690909 0.2690909 0.2690909 0.2690909 0.2690909 0.2690909 
EGO 4 0.3027273 0.2827273 0.2745455 0.2745455 0.2745455 0.2745455 0.2745455 0.2745455 0.2745455 0.2745455 0.2645455 0.2645455 0.2645455 0.2645455 0.2645455 0.2645455 0.2645455 0.2645455 0.2645455 
TREGO 4 0.3027273 0.2545455 0.2545455 0.2545455 0.2545455 0.2545455 0.2545455 0.2545455 0.2545455 0.2545455 0.2545455 0.2545455 0.2545455 0.2545455 0.2445455 0.2445455 0.2445455 0.2445455 0.2445455 
RSO 5 0.3 0.2727273 0.2727273 0.2727273 0.2727273 0.2645455 0.2645455 0.2554545 0.2554545 0.2554545 0.2554545 0.2554545 0.2554545 0.2554545 0.2554545 0.2554545 0.2554545 0.2554545 0.2554545 
EGO 5 0.3 0.2727273 0.2727273 0.2727273 0.2727273 0.2727273 0.2727273 0.2727273 0.2727273 0.2727273 0.2727273 0.2727273 0.2727273 0.2727273 0.2727273 0.2727273 0.2727273 0.2654545 0.2654545 
TREGO 5 0.3 0.2636364 0.2636364 0.2636364 0.2636364 0.2636364 0.2636364 0.2636364 0.2636364 0.2636364 0.2636364 0.2636364 0.2636364 0.2636364 0.2636364 0.2472727 0.2472727 0.2472727 0.2472727 
RSO 6 0.2890909 0.2890909 0.2836364 0.2754545 0.2754545 0.2754545 0.2736364 0.2736364 0.2736364 0.2427273 0.2427273 0.2427273 0.2427273 0.2427273 0.2427273 0.2427273 0.2427273 0.2427273 0.2427273 
EGO 6 0.2890909 0.2890909 0.2763636 0.2763636 0.2736364 0.2736364 0.2681818 0.2681818 0.2681818 0.2681818 0.2681818 0.2663636 0.2663636 0.2663636 0.2663636 0.2663636 0.2663636 0.2663636 0.2663636 
TREGO 6 0.2890909 0.2518182 0.2518182 0.2518182 0.2518182 0.2518182 0.2518182 0.2518182 0.2518182 0.2518182 0.2518182 0.2518182 0.2518182 0.2518182 0.2518182 0.2518182 0.2518182 0.2518182 0.2518182 
RSO 7 0.2918182 0.2636364 0.2636364 0.2636364 0.2636364 0.2636364 0.2636364 0.2636364 0.2636364 0.2636364 0.2636364 0.2636364 0.2636364 0.2618182 0.2618182 0.2618182 0.2618182 0.2618182 0.2618182 
EGO 7 0.2918182 0.2709091 0.2645455 0.2645455 0.2645455 0.2645455 0.2645455 0.2645455 0.2645455 0.2645455 0.2645455 0.2645455 0.2645455 0.2645455 0.2645455 0.2645455 0.2645455 0.2645455 0.2645455 
TREGO 7 0.2918182 0.2727273 0.2727273 0.2727273 0.2618182 0.2618182 0.2618182 0.2618182 0.2618182 0.2618182 0.2618182 0.2618182 0.2618182 0.2618182 0.2618182 0.2618182 0.2618182 0.2618182 0.2618182 
RSO 8 0.3081818 0.2818182 0.2654545 0.2654545 0.2654545 0.2454545 0.2454545 0.2454545 0.2454545 0.2454545 0.2454545 0.2454545 0.2454545 0.2454545 0.2454545 0.2454545 0.2454545 0.2454545 0.2454545 
EGO 8 0.3081818 0.2827273 0.2827273 0.2827273 0.2827273 0.2745455 0.2745455 0.2745455 0.2745455 0.2745455 0.2736364 0.2709091 0.2709091 0.2709091 0.2709091 0.2709091 0.2709091 0.2709091 0.2709091 
TREGO 8 0.3081818 0.2563636 0.2563636 0.2563636 0.2245455 0.2245455 0.2245455 0.2245455 0.2245455 0.2245455 0.2245455 0.2245455 0.2245455 0.2245455 0.2245455 0.2245455 0.2245455 0.2245455 0.2245455 
RSO 9 0.3227273 0.3118182 0.2736364 0.2736364 0.2463636 0.2463636 0.2463636 0.2463636 0.2463636 0.2463636 0.2463636 0.2463636 0.2463636 0.2463636 0.2463636 0.2463636 0.2463636 0.2463636 0.2463636 
EGO 9 0.3227273 0.2927273 0.2754545 0.2754545 0.2754545 0.2754545 0.2754545 0.2618182 0.2618182 0.2618182 0.2618182 0.2618182 0.2618182 0.2545455 0.2545455 0.2545455 0.2545455 0.2527273 0.2527273 
TREGO 9 0.3227273 0.2927273 0.2927273 0.2927273 0.2918182 0.2918182 0.2627273 0.2627273 0.2627273 0.2627273 0.2627273 0.2627273 0.2627273 0.2618182 0.2618182 0.2618182 0.2618182 0.2618182 0.2427273 
RSO 10 0.3272727 0.3272727 0.3272727 0.2827273 0.2727273 0.2727273 0.2727273 0.2727273 0.2636364 0.2636364 0.2636364 0.2636364 0.2636364 0.2636364 0.2636364 0.2636364 0.2636364 0.2636364 0.2636364 
EGO 10 0.3272727 0.3036364 0.2672727 0.2563636 0.2563636 0.2563636 0.2563636 0.2563636 0.2563636 0.2563636 0.2563636 0.2563636 0.2563636 0.2563636 0.2563636 0.2518182 0.2518182 0.2518182 0.2518182 
TREGO 10 0.3272727 0.3272727 0.3009091 0.2818182 0.2818182 0.2818182 0.2818182 0.2818182 0.2818182 0.2536364 0.2463636 0.2463636 0.2463636 0.2463636 0.2463636 0.2463636 0.2463636 0.2463636 0.2463636 
RSO 11 0.2663636 0.2654545 0.2654545 0.2654545 0.2654545 0.2654545 0.2654545 0.2536364 0.2536364 0.2536364 0.2536364 0.2536364 0.2536364 0.2536364 0.2536364 0.2536364 0.2536364 0.2536364 0.2536364 
EGO 11 0.2663636 0.2663636 0.2663636 0.2663636 0.2663636 0.2663636 0.2663636 0.2663636 0.2663636 0.2663636 0.2663636 0.2663636 0.2663636 0.2663636 0.2663636 0.2663636 0.2663636 0.2663636 0.2663636 
TREGO 11 0.2663636 0.2663636 0.2663636 0.2663636 0.2663636 0.2663636 0.2663636 0.2663636 0.2663636 0.2663636 0.2663636 0.2509091 0.2509091 0.2509091 0.2509091 0.2509091 0.2509091 0.2509091 0.2445455 
RSO 12 0.3 0.3 0.3 0.3 0.3 0.3 0.2754545 0.2754545 0.2754545 0.2754545 0.2427273 0.2427273 0.2427273 0.2427273 0.2427273 0.2427273 0.2390909 0.2390909 0.2390909 
EGO 12 0.3 0.3 0.3 0.3 0.3 0.3 0.3 0.3 0.3 0.3 0.3 0.3 0.3 0.3 0.3 0.2936364 0.2936364 0.2827273 0.2827273 
TREGO 12 0.3 0.2727273 0.2727273 0.2727273 0.2727273 0.2727273 0.2727273 0.2727273 0.2727273 0.2727273 0.2727273 0.2727273 0.2727273 0.2727273 0.2463636 0.2463636 0.2463636 0.2463636 0.2463636 
RSO 13 0.2909091 0.2909091 0.2472727 0.2472727 0.2472727 0.2472727 0.2472727 0.2472727 0.2472727 0.2472727 0.2472727 0.2472727 0.2472727 0.2472727 0.2472727 0.2472727 0.2472727 0.2472727 0.2472727 
EGO 13 0.2909091 0.2845455 0.2845455 0.2845455 0.2827273 0.2636364 0.2636364 0.2636364 0.2636364 0.2554545 0.2554545 0.2554545 0.2554545 0.2554545 0.2554545 0.2554545 0.2554545 0.2554545 0.2554545 
TREGO 13 0.2909091 0.2890909 0.2836364 0.2836364 0.2836364 0.2818182 0.2818182 0.2818182 0.2709091 0.2709091 0.2709091 0.2709091 0.2709091 0.2709091 0.2672727 0.2672727 0.2672727 0.2663636 0.2663636 
RSO 14 0.2927273 0.2927273 0.2927273 0.2736364 0.2736364 0.2736364 0.2736364 0.2736364 0.2736364 0.2736364 0.27 0.27 0.27 0.27 0.27 0.27 0.27 0.27 0.27 
EGO 14 0.2927273 0.2918182 0.2918182 0.2918182 0.2809091 0.2809091 0.2727273 0.2645455 0.2645455 0.2645455 0.2645455 0.2636364 0.2636364 0.2636364 0.2536364 0.2536364 0.2536364 0.2536364 0.2536364 
TREGO 14 0.2927273 0.2927273 0.2836364 0.2745455 0.2745455 0.2745455 0.2736364 0.2727273 0.2727273 0.2727273 0.2727273 0.2718182 0.2627273 0.2627273 0.2627273 0.2627273 0.2527273 0.2527273 0.2527273 
RSO 15 0.3109091 0.2736364 0.2736364 0.2736364 0.2736364 0.2736364 0.2736364 0.2736364 0.2736364 0.2736364 0.2736364 0.2527273 0.2527273 0.2527273 0.2527273 0.2527273 0.2527273 0.2527273 0.2527273 
EGO 15 0.3109091 0.2827273 0.2827273 0.2827273 0.2827273 0.28 0.28 0.28 0.2454545 0.2454545 0.2454545 0.2454545 0.2454545 0.2454545 0.2454545 0.2454545 0.2454545 0.2454545 0.2454545 
TREGO 15 0.3109091 0.3109091 0.2845455 0.2745455 0.2745455 0.2645455 0.2645455 0.2645455 0.2645455 0.2645455 0.2645455 0.2645455 0.2645455 0.2645455 0.2427273 0.2427273 0.2427273 0.2427273 0.2427273 
RSO 16 0.3045455 0.2954545 0.2618182 0.2618182 0.2618182 0.2618182 0.2618182 0.2618182 0.2618182 0.2618182 0.2618182 0.2618182 0.2618182 0.2618182 0.2618182 0.2618182 0.2618182 0.2618182 0.2618182 
EGO 16 0.3045455 0.2836364 0.2827273 0.2627273 0.2627273 0.2627273 0.2627273 0.2527273 0.2472727 0.2472727 0.2472727 0.2472727 0.2472727 0.2472727 0.2472727 0.2472727 0.2472727 0.2472727 0.2472727 
TREGO 16 0.3045455 0.2818182 0.2818182 0.2472727 0.2472727 0.2472727 0.2472727 0.2472727 0.2472727 0.2472727 0.2472727 0.2472727 0.2472727 0.2472727 0.2472727 0.2472727 0.2472727 0.2472727 0.2472727 
RSO 17 0.2927273 0.2927273 0.2636364 0.2636364 0.2636364 0.2636364 0.2636364 0.2636364 0.2636364 0.2636364 0.2636364 0.2636364 0.2636364 0.2554545 0.2554545 0.2554545 0.2554545 0.2554545 0.2554545 
EGO 17 0.2927273 0.2927273 0.2927273 0.2818182 0.2818182 0.28 0.28 0.28 0.28 0.28 0.28 0.28 0.2790909 0.2790909 0.2790909 0.2790909 0.2790909 0.2790909 0.2790909 
TREGO 17 0.2927273 0.2827273 0.2827273 0.2827273 0.2827273 0.2827273 0.2572727 0.2572727 0.2572727 0.2463636 0.2463636 0.2463636 0.2463636 0.2463636 0.2445455 0.2445455 0.2445455 0.2445455 0.2445455 
RSO 18 0.3081818 0.3036364 0.2736364 0.2718182 0.2654545 0.2654545 0.2654545 0.2654545 0.2654545 0.2654545 0.2654545 0.2654545 0.2654545 0.2654545 0.2654545 0.2654545 0.2654545 0.2654545 0.2654545 
EGO 18 0.3081818 0.3081818 0.2827273 0.2545455 0.2545455 0.2545455 0.2545455 0.2545455 0.2545455 0.2545455 0.2545455 0.2545455 0.2545455 0.2545455 0.2545455 0.2545455 0.2372727 0.2372727 0.2372727 
TREGO 18 0.3081818 0.2727273 0.2645455 0.2645455 0.2645455 0.2645455 0.2645455 0.2645455 0.2645455 0.2645455 0.2645455 0.2645455 0.2645455 0.2645455 0.2645455 0.2645455 0.2645455 0.2636364 0.2636364 
RSO 19 0.3336364 0.3281818 0.2863636 0.2727273 0.2727273 0.2727273 0.2572727 0.2572727 0.2572727 0.2572727 0.2572727 0.2572727 0.2572727 0.2572727 0.2572727 0.2572727 0.2572727 0.2572727 0.2572727 
EGO 19 0.3336364 0.2827273 0.2827273 0.2827273 0.2827273 0.2827273 0.2827273 0.2827273 0.2709091 0.2663636 0.2663636 0.2663636 0.2663636 0.2645455 0.2645455 0.2645455 0.2645455 0.2645455 0.2645455 
TREGO 19 0.3336364 0.2745455 0.2745455 0.2745455 0.2745455 0.2745455 0.2745455 0.2745455 0.2745455 0.26 0.26 0.26 0.26 0.26 0.26 0.26 0.26 0.26 0.26 
RSO 20 0.2563636 0.2563636 0.2563636 0.2563636 0.2563636 0.2563636 0.2554545 0.2554545 0.2554545 0.2554545 0.2554545 0.2554545 0.2554545 0.2554545 0.2554545 0.2554545 0.2554545 0.2554545 0.2554545 
EGO 20 0.2563636 0.2563636 0.2381818 0.2381818 0.2381818 0.2381818 0.2281818 0.2281818 0.2281818 0.2281818 0.2281818 0.2281818 0.2281818 0.2281818 0.2281818 0.2281818 0.2281818 0.2281818 0.2281818 
TREGO 20 0.2563636 0.2563636 0.2563636 0.2563636 0.2563636 0.2563636 0.2563636 0.2563636 0.2563636 0.2563636 0.2563636 0.2563636 0.2563636 0.2563636 0.2563636 0.2563636 0.2563636 0.2563636 0.2563636 
