"EGO" 0.750810276254239 0.750810276254239 0.750810276254239 0.750810276254239 0.141357194250879 0.141357194250879 0.0320449804943355 0.0320449804943355 0.0320449804943355
"TREGO" 0.750810276254239 0.750810276254239 0.750810276254239 0.750810276254239 0.0509137552052234 0.0509137552052234 0.0509137552052234 0.00168664593038262 0.00168664593038262
"RSO" 0.750810276254239 0.750810276254239 0.750810276254239 0.750810276254239 0.0509134695574506 0.0509134695574506 0.0509134695574506 9.14388293690506e-05 9.14388293690506e-05
"EGO" 1.51695079181793 0.787870834849469 0.787870834849469 0.787870834849469 0.421368492087235 0.0679581239506473 0.0268259930226099 0.0268259930226099 0.0268259930226099
"TREGO" 1.51695079181793 0.0720485876513793 0.0720485876513793 0.0720485876513793 0.0720485876513793 0.0720485876513793 0.0720485876513793 0.0720485876513793 0.0720485876513793
"RSO" 1.51695079181793 0.0720485283061826 0.0720485283061826 0.0720485283061826 0.0720485283061826 0.0720485283061826 0.0720485283061826 0.0585628846949035 0.0393032264915339
"EGO" 0.440033452126491 0.440033452126491 0.440033452126491 0.440033452126491 0.440033452126491 0.267844583950288 0.00870747742996777 0.00870747742996777 0.00870747742996777
"TREGO" 0.440033452126491 0.440033452126491 0.440033452126491 0.440033452126491 0.440033452126491 0.110444728939192 0.110444728939192 0.110444728939192 0.110444728939192
"RSO" 0.440033452126491 0.440033452126491 0.440033452126491 0.440033452126491 0.440033452126491 0.154172635893229 0.0630298273238486 0.0630298273238486 0.0357774065231011
"EGO" 1.30098781448176 0.71530110389076 0.71530110389076 0.71530110389076 0.446986733113474 0.0135783068147551 0.0135783068147551 0.0135783068147551 0.0135783068147551
"TREGO" 1.30098781448176 1.30098781448176 1.30098781448176 0.398971874859695 0.162784879707048 0.162784879707048 0.162784879707048 0.0068962289120491 0.0068962289120491
"RSO" 1.30098781448176 0.892806246040242 0.892806246040242 0.546666732820327 0.401744584485043 0.253628517469635 0.253628517469635 0.00941508052928789 0.00941508052928789
"EGO" 0.766014637921726 0.766014637921726 0.766014637921726 0.766014637921726 0.0433540552880433 0.0433540552880433 0.0433540552880433 0.0433540552880433 0.0433540552880433
"TREGO" 0.766014637921726 0.766014637921726 0.766014637921726 0.766014637921726 0.69986575525912 0.271208527688775 0.271208527688775 0.24590235823463 0.0983343041958105
"RSO" 0.766014637921726 0.766014637921726 0.766014637921726 0.766014637921726 0.224669361388714 0.224669361388714 0.224669361388714 0.0459020195649696 0.00085238944216645
