"V1" "V2" "V3" "V4" "V5" "V6" "V7" "V8" "V9" "V10" "V11" "V12" "V13" "V14" "V15" "V16" "V17" "V18" "V19" "V20" "V21"
"1" "EGO" 1 0.33398265 0.33398265 0.32705625 0.32705625 0.3060606 0.30054115 0.3004329 0.3004329 0.3004329 0.2984848 0.2984848 0.2984848 0.2984848 0.2984848 0.2984848 0.2984848 0.2984848 0.2984848 0.2984848
"2" "RSO" 1 0.33398265 0.330671702997623 0.321787786980211 0.322047447802317 0.321324364083404 0.302023488283371 0.302379698097454 0.30217200220095 0.299869486224854 0.289808248814527 0.289699752284313 0.290169630864734 0.290151556637935 0.289734212052874 0.258431824064776 0.258411811091666 0.258546248700432 0.257839699768423 0.257934950272747
"3" "TREGO" 1 0.33398265 0.3020563 0.295671 0.295671 0.28950215 0.28950215 0.28950215 0.28950215 0.28950215 0.2891775 0.2891775 0.2891775 0.2891775 0.2891775 0.2891775 0.2891775 0.2891775 0.2891775 0.2891775
"4" "EGO" 2 0.3581169 0.34902595 0.34902595 0.34718615 0.32943725 0.32943725 0.31709955 0.31709955 0.29383115 0.2794372 0.2794372 0.2794372 0.2794372 0.2794372 0.2794372 0.2794372 0.2794372 0.2794372 0.2794372
"5" "RSO" 2 0.3581169 0.338355702997623 0.309558336980211 0.307437047802317 0.300328714083405 0.290876338283371 0.291232548097454 0.29102485220095 0.291536186224854 0.300414348814527 0.300305852284313 0.300126330864734 0.300108256637935 0.299690912052874 0.291765124064776 0.291745111091666 0.291879548700432 0.291172999768423 0.291268250272747
"6" "TREGO" 2 0.3581169 0.35313855 0.33690475 0.33214285 0.32445885 0.32445885 0.32445885 0.3220779 0.31060605 0.3599567 0.3508658 0.3508658 0.3508658 0.3073593 0.3073593 0.3073593 0.3073593 0.3073593 0.3038961
"7" "EGO" 3 0.3535714 0.33668835 0.33668835 0.3257576 0.2905844 0.2905844 0.2905844 0.2905844 0.2905844 0.2952381 0.2952381 0.2952381 0.2952381 0.2952381 0.2809524 0.2809524 0.2809524 0.2809524 0.2809524
"8" "RSO" 3 0.3535714 0.334026702997623 0.324709836980211 0.305272547802317 0.282904414083404 0.282975838283371 0.281383998097454 0.27857890220095 0.279090236224854 0.275738948814527 0.275630452284313 0.276100330864734 0.276082256637935 0.275664912052874 0.276180724064776 0.276160711091666 0.276295148700432 0.275588599768423 0.275683850272747
"9" "TREGO" 3 0.3535714 0.3008658 0.28679655 0.28679655 0.28679655 0.282684 0.282684 0.282684 0.282684 0.2904762 0.2904762 0.2904762 0.2904762 0.2898268 0.2898268 0.2898268 0.2898268 0.2898268 0.2798701
"10" "EGO" 4 0.374026 0.374026 0.33376625 0.33376625 0.33376625 0.3314935 0.3314935 0.3309524 0.3309524 0.2887446 0.2887446 0.2887446 0.2887446 0.2887446 0.2850649 0.2850649 0.2850649 0.2850649 0.2850649
"11" "RSO" 4 0.374026 0.362922852997623 0.344839736980211 0.328216247802317 0.327493164083405 0.313603588283371 0.308764998097454 0.30855730220095 0.309068636224854 0.285912148814527 0.285803652284313 0.282810330864734 0.277813856637935 0.277396512052874 0.277912324064776 0.277892311091666 0.278026748700432 0.277320199768423 0.277415450272747
"12" "TREGO" 4 0.374026 0.37132035 0.37132035 0.3459957 0.33322515 0.3055195 0.30075755 0.29848485 0.2914502 0.2893939 0.2893939 0.2893939 0.2893939 0.2893939 0.2893939 0.2893939 0.2893939 0.2893939 0.2893939
"13" "EGO" 5 0.3616883 0.35487015 0.35064935 0.3369048 0.31991345 0.28906925 0.28906925 0.28906925 0.28906925 0.2937229 0.2937229 0.2937229 0.2937229 0.2893939 0.2893939 0.2893939 0.2893939 0.2893939 0.2893939
"14" "RSO" 5 0.3616883 0.342468252997623 0.339536686980211 0.330164347802317 0.327926114083404 0.327997538283371 0.314068048097454 0.29946635220095 0.295756936224854 0.308422948814527 0.306366452284313 0.290386030864734 0.290367956637935 0.281725512052874 0.282241324064776 0.282221311091666 0.282355748700432 0.281649199768423 0.281744450272748
"15" "TREGO" 5 0.3616883 0.3547619 0.35292205 0.3505411 0.33647185 0.32694805 0.32694805 0.32435065 0.30800865 0.3030303 0.3030303 0.3030303 0.2900433 0.2900433 0.2841991 0.2841991 0.2841991 0.2841991 0.2841991
"16" "EGO" 6 0.3284632 0.3284632 0.3284632 0.3284632 0.3284632 0.32651515 0.32402595 0.32402595 0.31071425 0.2891775 0.2891775 0.2891775 0.2891775 0.2891775 0.2891775 0.2891775 0.2891775 0.2891775 0.2753247
"17" "RSO" 6 0.3284632 0.309351352997623 0.309233636980211 0.301376447802317 0.292428214083404 0.290984488283371 0.285821248097454 0.28561355220095 0.286124886224854 0.275522548814527 0.275414052284313 0.275883930864734 0.275865856637935 0.275448512052874 0.275964324064776 0.275944311091666 0.276078748700432 0.275372199768423 0.275467450272747
"18" "TREGO" 6 0.3284632 0.3284632 0.31006495 0.28474025 0.28474025 0.28474025 0.28474025 0.28474025 0.28474025 0.2891775 0.2891775 0.2891775 0.2746753 0.2746753 0.2746753 0.2746753 0.2746753 0.2746753 0.2746753
"19" "EGO" 7 0.3453463 0.34426405 0.31439395 0.30119045 0.30119045 0.30119045 0.30119045 0.30119045 0.29632035 0.3136364 0.3136364 0.3127706 0.3127706 0.3127706 0.3030303 0.3030303 0.2980519 0.2980519 0.2980519
"20" "RSO" 7 0.3453463 0.337381702997623 0.311506386980211 0.300727097802317 0.292536464083405 0.292607888283371 0.292964098097454 0.29275640220095 0.293267736224854 0.290024648814527 0.289916152284313 0.290386030864734 0.290367956637935 0.289950612052874 0.290466424064776 0.290230011091666 0.290364448700432 0.289657899768423 0.289753150272748
"21" "TREGO" 7 0.3453463 0.3448052 0.33777055 0.3112554 0.3112554 0.29469695 0.29469695 0.29469695 0.29036795 0.2854978 0.2854978 0.2854978 0.2854978 0.2854978 0.2854978 0.2844156 0.2844156 0.2844156 0.2844156
"22" "EGO" 8 0.36536795 0.36266235 0.3386364 0.336039 0.336039 0.336039 0.336039 0.336039 0.29512985 0.2764069 0.2764069 0.2764069 0.2764069 0.2764069 0.2764069 0.2764069 0.2764069 0.2764069 0.2764069
"23" "RSO" 8 0.36536795 0.361515902997623 0.360857086980211 0.361008497802317 0.344701014083404 0.334923938283371 0.296643748097454 0.29481270220095 0.293592386224854 0.290024648814527 0.289916152284313 0.290386030864734 0.281709956637935 0.281292612052874 0.281808424064776 0.281788411091666 0.281922848700432 0.281216299768423 0.281311550272748
"24" "TREGO" 8 0.36536795 0.36536795 0.3582251 0.3548701 0.3297619 0.3297619 0.30800865 0.2962121 0.2962121 0.2987013 0.2987013 0.2987013 0.2941558 0.2941558 0.2941558 0.2941558 0.2941558 0.2898268 0.2744589
"25" "EGO" 9 0.34069265 0.3134199 0.3034632 0.3034632 0.2943723 0.2943723 0.2943723 0.2943723 0.2896104 0.2991342 0.2991342 0.2991342 0.2991342 0.2991342 0.2991342 0.2991342 0.2991342 0.2991342 0.2991342
"26" "RSO" 9 0.34069265 0.337381702997623 0.337263986980211 0.333086447802317 0.332363364083404 0.332434788283371 0.332790998097454 0.33258330220095 0.324436586224854 0.336345048814527 0.286669452284313 0.281728030864734 0.281709956637935 0.276747212052874 0.277263024064776 0.277243011091666 0.277377448700432 0.276670899768423 0.276766150272747
"27" "TREGO" 9 0.34069265 0.3361472 0.3361472 0.3284632 0.3195887 0.3195887 0.3195887 0.3134199 0.2967532 0.2941558 0.2800866 0.2800866 0.2800866 0.2753247 0.2753247 0.2753247 0.2753247 0.2753247 0.2753247
"28" "EGO" 10 0.37380955 0.37175325 0.3668831 0.3470779 0.33571425 0.30422075 0.2995671 0.2995671 0.2995671 0.3082251 0.3082251 0.3082251 0.3082251 0.3028139 0.3028139 0.3028139 0.2896104 0.2896104 0.2896104
"29" "RSO" 10 0.37380955 0.328940152997623 0.316376536980211 0.316636197802317 0.315913114083405 0.306136038283371 0.285604798097454 0.28301615220095 0.283527486224854 0.285695648814527 0.285587152284313 0.286057030864734 0.286038956637935 0.285621612052874 0.286137424064776 0.281572011091666 0.281706448700432 0.280999899768423 0.281095150272748
"30" "TREGO" 10 0.37380955 0.36688315 0.33636365 0.33593075 0.33593075 0.3292208 0.3292208 0.32305195 0.31569265 0.2904762 0.2904762 0.2904762 0.2904762 0.2904762 0.2904762 0.2904762 0.2904762 0.2904762 0.2904762
"31" "EGO" 11 0.37662335 0.369697 0.36222945 0.36222945 0.34556275 0.3288961 0.32878785 0.32186145 0.3126623 0.284632 0.284632 0.284632 0.284632 0.284632 0.284632 0.284632 0.284632 0.284632 0.284632
"32" "RSO" 11 0.37662335 0.370715002997623 0.370272636980211 0.323346147802317 0.320566764083404 0.320638188283371 0.316448948097454 0.31624125220095 0.316752586224854 0.342405648814527 0.342297152284313 0.299909930864734 0.299891856637935 0.299474512052874 0.299990324064776 0.299970311091666 0.300104748700432 0.299398199768423 0.299493450272747
"33" "TREGO" 11 0.37662335 0.3664502 0.3508658 0.3352814 0.3003247 0.3003247 0.299026 0.299026 0.299026 0.3041126 0.3041126 0.3041126 0.3041126 0.2993506 0.2993506 0.2993506 0.2993506 0.2891775 0.2891775
"34" "EGO" 12 0.34372295 0.34372295 0.34372295 0.34372295 0.329329 0.29437225 0.29437225 0.2850649 0.2850649 0.2941558 0.2941558 0.2941558 0.2941558 0.2941558 0.2941558 0.2941558 0.2941558 0.2941558 0.2941558
"35" "RSO" 12 0.34372295 0.307295102997623 0.307177386980211 0.307437047802317 0.301952064083404 0.298776738283371 0.299132948097454 0.28745340220095 0.286233136224854 0.290674048814527 0.290565552284313 0.291035430864734 0.291017356637935 0.290383512052874 0.277046524064776 0.277026511091666 0.277160948700432 0.276454399768423 0.276549650272748
"36" "TREGO" 12 0.34372295 0.3320346 0.312987 0.312987 0.3098485 0.3098485 0.3098485 0.3098485 0.3034632 0.3025974 0.3025974 0.3025974 0.3025974 0.2989177 0.2989177 0.2989177 0.2989177 0.2935065 0.2935065
"37" "EGO" 13 0.3707792 0.345671 0.345671 0.32521645 0.32521645 0.32521645 0.30887445 0.30833335 0.2892857 0.2995671 0.2980519 0.2980519 0.2980519 0.2980519 0.2980519 0.2980519 0.2980519 0.2852814 0.2852814
"38" "RSO" 13 0.3707792 0.279481252997623 0.279363536980211 0.279623197802317 0.278900114083404 0.278971538283371 0.279327748097454 0.27912005220095 0.279631386224854 0.276171848814527 0.276063352284313 0.276533230864734 0.276515156637935 0.276097812052874 0.276613624064776 0.276593611091666 0.276728048700432 0.276021499768423 0.276116750272748
"39" "TREGO" 13 0.3707792 0.3707792 0.31720775 0.2924242 0.28560605 0.28560605 0.28560605 0.28560605 0.28560605 0.2857143 0.2857143 0.2857143 0.2857143 0.2857143 0.2857143 0.2857143 0.2857143 0.2857143 0.2857143
"40" "EGO" 14 0.36158005 0.3478355 0.3478355 0.3351732 0.32478355 0.32402595 0.32402595 0.32402595 0.3146104 0.2937229 0.2937229 0.2854978 0.2854978 0.2854978 0.2854978 0.2854978 0.2854978 0.2854978 0.2854978
"41" "RSO" 14 0.36158005 0.298961802997623 0.294298636980211 0.294558297802317 0.293835214083405 0.293906638283371 0.294262848097454 0.29405515220095 0.294566486224854 0.301280148814527 0.301171652284313 0.295797330864734 0.295779256637935 0.295361912052874 0.295877724064776 0.295857711091666 0.271533248700432 0.270826699768423 0.270921950272748
"42" "TREGO" 14 0.36158005 0.31309525 0.312987 0.29880955 0.29880955 0.29880955 0.2961039 0.2961039 0.2875541 0.2891775 0.2891775 0.2891775 0.2891775 0.2891775 0.2891775 0.2709957 0.2709957 0.2709957 0.2709957
"43" "EGO" 15 0.36158005 0.36158005 0.35898265 0.35248915 0.35248915 0.345671 0.317316 0.2944805 0.2944805 0.3134199 0.3134199 0.3134199 0.3134199 0.3134199 0.3134199 0.3134199 0.3075758 0.3075758 0.3041126
"44" "RSO" 15 0.36158005 0.346147902997623 0.342350536980211 0.316960847802317 0.316237764083404 0.312088438283371 0.307466248097454 0.30228020220095 0.276492886224854 0.271626448814527 0.271517952284313 0.271987830864734 0.271969756637935 0.271552412052874 0.272068224064776 0.272048211091666 0.272182648700432 0.271476099768423 0.271571350272747
"45" "TREGO" 15 0.36158005 0.3491342 0.3491342 0.3220779 0.3220779 0.3220779 0.32012985 0.3038961 0.2917749 0.2764069 0.2764069 0.2764069 0.2764069 0.2764069 0.2764069 0.2764069 0.2764069 0.2764069 0.2764069
"46" "EGO" 16 0.3874459 0.3508658 0.3508658 0.3508658 0.3508658 0.3508658 0.3177489 0.3177489 0.3127706 0.3127706 0.3127706 0.3127706 0.3127706 0.2978355 0.2978355 0.2978355 0.2978355 0.2978355 0.2978355
"47" "RSO" 16 0.3874459 0.384134952997623 0.370380836980211 0.356138397802317 0.355415314083404 0.355486738283371 0.355842948097454 0.35563525220095 0.356146586224854 0.355609148814527 0.290565552284313 0.268957530864734 0.268939456637935 0.268522112052874 0.269037924064776 0.269017911091666 0.269152348700432 0.268445799768423 0.266160050272748
"48" "TREGO" 16 0.3874459 0.3787879 0.3638528 0.3638528 0.3590909 0.3590909 0.3166667 0.3166667 0.3166667 0.2989177 0.2989177 0.2989177 0.2989177 0.2989177 0.2800866 0.2800866 0.2800866 0.2800866 0.2800866
"49" "EGO" 17 0.3751082 0.3266234 0.3136364 0.2980519 0.2980519 0.2980519 0.2980519 0.2980519 0.2980519 0.2980519 0.2980519 0.2980519 0.2980519 0.2980519 0.2980519 0.2980519 0.2980519 0.2980519 0.2980519
"50" "RSO" 17 0.3751082 0.371797252997623 0.371679536980211 0.361333197802317 0.359744314083405 0.359815738283371 0.304977148097454 0.30044045220095 0.300951786224854 0.300414348814527 0.300305852284313 0.300775730864734 0.300757656637935 0.300340312052874 0.300856124064776 0.300836111091666 0.290364448700432 0.289657899768423 0.289753150272748
"51" "TREGO" 17 0.3751082 0.3683983 0.3660173 0.2893939 0.2893939 0.2893939 0.2893939 0.2893939 0.2893939 0.2893939 0.2893939 0.2893939 0.2893939 0.2893939 0.2893939 0.2893939 0.2893939 0.2893939 0.2893939
"52" "EGO" 18 0.3590909 0.3372294 0.3372294 0.3372294 0.3372294 0.3372294 0.3372294 0.3372294 0.3372294 0.3361472 0.3361472 0.3361472 0.2900433 0.2900433 0.2900433 0.2900433 0.2900433 0.2751082 0.2751082
"53" "RSO" 18 0.3590909 0.290844852997623 0.290727136980211 0.290986797802317 0.290263714083405 0.290335138283371 0.290691348097454 0.29048365220095 0.290994986224854 0.290457548814527 0.290349052284313 0.290818930864734 0.290800856637935 0.290383512052874 0.290899324064776 0.290879311091666 0.291013748700432 0.290307199768423 0.290402450272748
"54" "TREGO" 18 0.3590909 0.3305195 0.3225108 0.3225108 0.3225108 0.3136364 0.3136364 0.3136364 0.2945887 0.2945887 0.2945887 0.2945887 0.2945887 0.2945887 0.2945887 0.2945887 0.2945887 0.2945887 0.2945887
"55" "EGO" 19 0.3119048 0.3075758 0.3075758 0.3075758 0.3075758 0.3075758 0.3075758 0.3060606 0.3060606 0.3060606 0.3060606 0.3060606 0.3060606 0.3060606 0.3060606 0.3060606 0.3060606 0.3060606 0.3060606
"56" "RSO" 19 0.3119048 0.285000752997623 0.284883036980211 0.285142697802317 0.284419614083404 0.281460738283371 0.281816948097454 0.28160925220095 0.282120586224854 0.281583148814527 0.281474652284313 0.281944530864734 0.281926456637935 0.281509112052874 0.282024924064776 0.282004911091666 0.282139348700432 0.281432799768423 0.281528050272748
"57" "TREGO" 19 0.3119048 0.3119048 0.3119048 0.2885281 0.2885281 0.2885281 0.2885281 0.2885281 0.2885281 0.2885281 0.2885281 0.2885281 0.2885281 0.2885281 0.2885281 0.2885281 0.2885281 0.2885281 0.2885281
"58" "EGO" 20 0.2997835 0.2997835 0.2997835 0.2997835 0.2997835 0.2997835 0.2997835 0.2997835 0.2997835 0.2997835 0.2997835 0.2807359 0.2807359 0.2761905 0.2761905 0.2761905 0.2761905 0.2761905 0.2761905
"59" "RSO" 20 0.2997835 0.280888152997623 0.280770436980211 0.281030097802317 0.280307014083404 0.280378438283371 0.280734648097454 0.28052695220095 0.281038286224854 0.272492248814527 0.272383752284313 0.272853630864734 0.272835556637935 0.272418212052874 0.272934024064776 0.272914011091666 0.273048448700432 0.272341899768423 0.272437150272748
"60" "TREGO" 20 0.2997835 0.2997835 0.2997835 0.288961 0.288961 0.288961 0.288961 0.288961 0.288961 0.288961 0.288961 0.288961 0.288961 0.288961 0.288961 0.288961 0.2805195 0.2805195 0.2805195
