################################################################################
# nsteps: 5 rho:  Lower Bound: (0, 0, 0) Upper Bound: (1, 1, 1) Budget: 70
################################################################################
"TREGO" 1 1.3672051771481 0.000193630742653994 0.000193630742653994 1.72692815838538e-05 1.72692815838538e-05 1.72692815838538e-05 2.21984390424979e-07 2.15577241835518e-07 2.15577241835518e-07 2.15577241835518e-07 2.15452200524879e-07
"EGO" 1 1.3672051771481 0.000193524409841217 0.000193524409841217 0.000148824786209367 0.000148824786209367 0.000148824786209367 0.000148824786209367 0.000148824786209367 0.000148824786209367 0.000148824786209367 0.000148824786209367
"RSO" 1 1.3672051771481 0.000954064515938491 0.000123013232264046 8.05353154831323e-07 8.05353154831323e-07 8.05353154831323e-07 8.05353154831323e-07 8.05353154831323e-07 8.05353154831323e-07 8.05353154831323e-07 8.05353154831323e-07
"TREGO" 2 0.475913901698413 0.000846318198427731 0.000296926924877372 0.000296926924877372 6.37156854832455e-07 6.37156854832455e-07 6.37156854832455e-07 2.13174712992981e-07 2.13174712992981e-07 2.13174712992981e-07 2.13174712992981e-07
"EGO" 2 0.475913901698413 0.000846316241466027 1.57832664320345e-05 1.57832664320345e-05 1.57832664320345e-05 1.57832664320345e-05 1.57832664320345e-05 1.57832664320345e-05 1.57832664320345e-05 1.57832664320345e-05 1.57832664320345e-05
"RSO" 2 0.475913901698413 0.000846304814348109 7.94331088460609e-07 7.94331088460609e-07 7.94331088460609e-07 7.94331088460609e-07 7.94331088460609e-07 7.94331088460609e-07 7.94331088460609e-07 7.94331088460609e-07 7.94331088460609e-07
"TREGO" 3 0.903006026279254 0.00777039595462758 0.000348048978087157 7.52029494410777e-06 7.52029494410777e-06 5.40911455626514e-07 5.40911455626514e-07 3.67414478841255e-07 3.67414478841255e-07 2.79038250727837e-07 2.79038250727837e-07
"EGO" 3 0.903006026279254 0.00776969284470841 0.000347824652081385 0.000347824652081385 1.37386676035689e-06 1.37386676035689e-06 1.37386676035689e-06 1.37386676035689e-06 1.37386676035689e-06 1.37386676035689e-06 1.37386676035689e-06
"RSO" 3 0.903006026279254 0.00777033481942002 0.000348002572456707 5.29759982992317e-07 5.29759982992317e-07 5.29759982992317e-07 5.29759982992317e-07 5.29759982992317e-07 5.29759982992317e-07 5.29759982992317e-07 5.29759982992317e-07
"TREGO" 4 0.530481079462924 0.000904298167996753 9.22208332587715e-06 9.22208332587715e-06 9.22208332587715e-06 2.13226842848968e-07 2.13226842848968e-07 2.13226842848968e-07 2.13226842848968e-07 2.13226842848968e-07 2.13226842848968e-07
"EGO" 4 0.530481079462924 0.000904295466969796 0.000120220256031089 0.000120220256031089 0.000120220256031089 0.000120220256031089 0.000120220256031089 0.000120220256031089 0.000120220256031089 0.000120220256031089 0.000120220256031089
"RSO" 4 0.530481079462924 0.000904297104636242 9.20923344827074e-06 1.04765759223469e-06 1.04765759223469e-06 1.04765759223469e-06 1.04765759223469e-06 1.04765759223469e-06 1.04765759223469e-06 1.04765759223469e-06 1.04765759223469e-06
"TREGO" 5 0.852106959848817 0.00485007951350491 2.46832337778002e-05 2.46832337778002e-05 2.46832337778002e-05 2.46832337778002e-05 7.21593349517491e-07 2.36222692517885e-07 2.36222692517885e-07 2.1596638610788e-07 2.15917994150772e-07
"EGO" 5 0.852106959848817 0.00485009164644534 2.46814461259959e-05 2.46814461259959e-05 2.46814461259959e-05 2.46814461259959e-05 2.46814461259959e-05 2.46814461259959e-05 2.46814461259959e-05 2.46814461259959e-05 2.46814461259959e-05
"RSO" 5 0.852106959848817 0.00485020392346769 9.86615337188468e-05 2.85725240800616e-07 2.85725240800616e-07 2.85725240800616e-07 2.85725240800616e-07 2.85725240800616e-07 2.85725240800616e-07 2.85725240800616e-07 2.85725240800616e-07
"TREGO" 6 1.34729110279873 0.00106018263409968 0.000313914427867878 5.12574107691677e-06 5.12574107691677e-06 5.12574107691677e-06 2.28552814895977e-07 2.28552814895977e-07 2.28552814895977e-07 2.28552814895977e-07 2.14406482346163e-07
"EGO" 6 1.34729110279873 0.00106018201459834 0.000313839791207471 0.000313839791207471 1.29078362531843e-06 1.29078362531843e-06 1.29078362531843e-06 1.29078362531843e-06 1.29078362531843e-06 1.29078362531843e-06 1.29078362531843e-06
"RSO" 6 1.34729110279873 0.00106021970559045 8.06942549402834e-06 8.06942549402834e-06 8.06942549402834e-06 8.06942549402834e-06 8.06942549402834e-06 8.06942549402834e-06 8.06942549402834e-06 8.06942549402834e-06 8.06942549402834e-06
"TREGO" 7 0.41651674500699 0.0052448301251613 4.46266970421938e-05 8.58018686722417e-06 8.58018686722417e-06 8.58018686722417e-06 2.15572431905287e-07 2.15531370972855e-07 2.15531370972855e-07 2.15531370972855e-07 2.15531370972855e-07
"EGO" 7 0.41651674500699 0.00524486767940679 3.42152157015718e-05 3.42152157015718e-05 3.42152157015718e-05 3.42152157015718e-05 3.42152157015718e-05 3.42152157015718e-05 3.42152157015718e-05 3.42152157015718e-05 3.42152157015718e-05
"RSO" 7 0.41651674500699 0.00524483177959922 3.42101435748532e-05 4.29218866226933e-07 4.29218866226933e-07 4.29218866226933e-07 4.29218866226933e-07 4.29218866226933e-07 4.29218866226933e-07 4.29218866226933e-07 4.29218866226933e-07
"TREGO" 8 0.425829897634816 0.011856196187443 0.000627408432112286 2.99110407642189e-06 2.99110407642189e-06 2.99110407642189e-06 2.1728868349058e-07 2.1728868349058e-07 2.17252790868372e-07 2.15539379233576e-07 2.15539379233576e-07
"EGO" 8 0.425829897634816 0.0118562305088239 0.000626921357302912 4.89972861972277e-06 4.89972861972277e-06 4.89972861972277e-06 4.89972861972277e-06 4.89972861972277e-06 4.89972861972277e-06 4.89972861972277e-06 4.89972861972277e-06
"RSO" 8 0.425829897634816 0.0118562675198 0.000112601589747019 5.26389016819451e-07 5.26389016819451e-07 5.26389016819451e-07 5.26389016819451e-07 5.26389016819451e-07 5.26389016819451e-07 5.26389016819451e-07 5.26389016819451e-07
"TREGO" 9 0.514576326799936 0.00114839702686087 7.09506217480005e-05 7.09506217480005e-05 7.09506217480005e-05 7.09506217480005e-05 9.89634238113268e-07 2.13299352846974e-07 2.13299352846974e-07 2.13299352846974e-07 2.13299352846974e-07
"EGO" 9 0.514576326799936 0.00225202442237471 1.52057009783491e-06 1.52057009783491e-06 1.52057009783491e-06 1.52057009783491e-06 1.52057009783491e-06 1.52057009783491e-06 1.52057009783491e-06 1.52057009783491e-06 1.52057009783491e-06
"RSO" 9 0.514576326799936 0.00114838275790596 7.09592069219056e-05 2.06550139347783e-06 2.06550139347783e-06 2.06550139347783e-06 2.06550139347783e-06 2.06550139347783e-06 2.06550139347783e-06 2.06550139347783e-06 2.06550139347783e-06
"TREGO" 10 0.0394468142222402 0.000396658979372688 2.6266368533534e-06 2.6266368533534e-06 4.33436755375993e-07 2.16017413734448e-07 2.16017413734448e-07 2.16017413734448e-07 2.16017413734448e-07 2.16017413734448e-07 2.16017413734448e-07
"EGO" 10 0.0394468142222402 0.00112447236392033 0.000477509552063271 0.000477509552063271 0.000477509552063271 0.000477509552063271 0.000477509552063271 0.000477509552063271 0.000477509552063271 0.000477509552063271 0.000477509552063271
"RSO" 10 0.0394468142222402 0.00039972379790143 5.74868747640345e-05 2.21488031604267e-06 2.21488031604267e-06 2.21488031604267e-06 2.21488031604267e-06 2.21488031604267e-06 2.21488031604267e-06 2.21488031604267e-06 2.21488031604267e-06
"TREGO" 11 0.653293346147434 0.00552563186099642 9.59313731518918e-06 9.59313731518918e-06 3.16524626065018e-07 2.3264967463632e-07 2.32117820964106e-07 2.22708602670707e-07 2.21657324050994e-07 2.21657324050994e-07 2.21657324050994e-07
"EGO" 11 0.653293346147434 0.0106642938255965 0.000517528103711307 6.69321272139811e-06 6.69321272139811e-06 6.69321272139811e-06 6.69321272139811e-06 6.69321272139811e-06 6.69321272139811e-06 6.69321272139811e-06 6.69321272139811e-06
"RSO" 11 0.653293346147434 0.015694997855507 1.74003159481018e-06 1.74003159481018e-06 1.74003159481018e-06 1.74003159481018e-06 1.74003159481018e-06 1.74003159481018e-06 1.74003159481018e-06 1.74003159481018e-06 1.74003159481018e-06
"TREGO" 12 1.3349716635741 0.0331286360688496 0.000621443843682012 2.58263670280812e-05 2.58263670280812e-05 2.58263670280812e-05 2.58263670280812e-05 2.34715201052893e-07 2.14097878981079e-07 2.14097878981079e-07 2.14097878981079e-07
"EGO" 12 1.3349716635741 0.0331286268157109 0.000621433947166405 0.000621433947166405 0.000621433947166405 0.000621433947166405 0.000621433947166405 0.000621433947166405 0.000621433947166405 0.000621433947166405 0.000621433947166405
"RSO" 12 1.3349716635741 0.0331286136805966 0.000621369080120004 1.40379934210344e-06 1.40379934210344e-06 1.40379934210344e-06 1.40379934210344e-06 1.40379934210344e-06 1.40379934210344e-06 1.40379934210344e-06 1.40379934210344e-06
"TREGO" 13 0.494258162415637 0.0106935595315591 1.18068961487694e-05 1.18068961487694e-05 1.18068961487694e-05 2.83707274117972e-07 2.16027577160105e-07 2.16027577160105e-07 2.16027577160105e-07 2.15709256234931e-07 2.15709256234931e-07
"EGO" 13 0.494258162415637 0.0106932611085804 1.18054761055753e-05 1.18054761055753e-05 1.18054761055753e-05 1.18054761055753e-05 1.18054761055753e-05 1.18054761055753e-05 1.18054761055753e-05 1.18054761055753e-05 1.18054761055753e-05
"RSO" 13 0.494258162415637 0.0106935024813324 1.18135166955469e-05 1.18135166955469e-05 1.18135166955469e-05 1.18135166955469e-05 1.18135166955469e-05 1.18135166955469e-05 1.18135166955469e-05 1.18135166955469e-05 1.18135166955469e-05
"TREGO" 14 0.659715871020795 0.0199173745446122 7.17102315039853e-05 7.17102315039853e-05 7.17102315039853e-05 7.17102315039853e-05 2.45222154582336e-07 2.24089933720251e-07 2.24089933720251e-07 2.24089933720251e-07 2.24089933720251e-07
"EGO" 14 0.659715871020795 0.0199176552691602 0.000180749461188956 0.000180749461188956 4.62220841281891e-05 4.62220841281891e-05 4.62220841281891e-05 4.62220841281891e-05 4.62220841281891e-05 4.62220841281891e-05 4.62220841281891e-05
"RSO" 14 0.659715871020795 0.0199176334663718 7.17090704762668e-05 9.69923181104448e-06 9.69923181104448e-06 9.69923181104448e-06 9.69923181104448e-06 9.69923181104448e-06 9.69923181104448e-06 9.69923181104448e-06 9.69923181104448e-06
"TREGO" 15 0.481379211998197 0.0104032577659878 0.000121668997463242 1.37226290277681e-05 1.37226290277681e-05 1.61016240918244e-06 4.69836588301575e-07 3.36410201917658e-07 3.05766502783911e-07 3.05766502783911e-07 2.18678467778233e-07
"EGO" 15 0.481379211998197 0.010402645061129 9.36247905296561e-05 9.36247905296561e-05 9.36247905296561e-05 9.36247905296561e-05 9.36247905296561e-05 9.36247905296561e-05 9.36247905296561e-05 9.36247905296561e-05 9.36247905296561e-05
"RSO" 15 0.481379211998197 0.0104032373355394 0.000121668393023633 5.05989688370789e-07 4.6527398556151e-07 4.6527398556151e-07 4.6527398556151e-07 4.6527398556151e-07 4.6527398556151e-07 4.6527398556151e-07 4.6527398556151e-07
"TREGO" 16 0.183287641630011 0.00617650751564014 1.93210889416484e-05 1.93210889416484e-05 1.93210889416484e-05 1.93210889416484e-05 1.93210889416484e-05 3.92727986575636e-07 2.57458836028235e-07 2.57458836028235e-07 2.57458836028235e-07
"EGO" 16 0.183287641630011 0.00617620511359673 1.98901077186342e-05 1.98901077186342e-05 1.98901077186342e-05 1.98901077186342e-05 1.98901077186342e-05 1.98901077186342e-05 1.98901077186342e-05 1.98901077186342e-05 1.98901077186342e-05
"RSO" 16 0.183287641630011 0.00617642316970102 4.32662082996416e-05 1.10252841256653e-06 1.10252841256653e-06 1.10252841256653e-06 1.10252841256653e-06 1.10252841256653e-06 1.10252841256653e-06 1.10252841256653e-06 1.10252841256653e-06
"TREGO" 17 1.50624992487056 0.0253482458926713 0.000111153789986496 0.000111153789986496 2.19659528255534e-06 2.19659528255534e-06 3.57066692213692e-07 2.61565929804419e-07 2.16358607918465e-07 2.16358607918465e-07 2.15816034376815e-07
"EGO" 17 1.50624992487056 0.0253474519887327 0.00039001189356469 5.82158622153273e-06 5.82158622153273e-06 5.82158622153273e-06 5.82158622153273e-06 5.82158622153273e-06 5.82158622153273e-06 5.82158622153273e-06 5.82158622153273e-06
"RSO" 17 1.50624992487056 0.0253474325838536 0.000390015079121842 1.95589470441959e-06 1.95589470441959e-06 1.95589470441959e-06 1.95589470441959e-06 1.95589470441959e-06 1.95589470441959e-06 1.95589470441959e-06 1.95589470441959e-06
"TREGO" 18 0.868930710227057 0.0133244753128166 0.00010433121364839 0.00010433121364839 0.00010433121364839 4.07299932891902e-07 3.29939034759974e-07 2.27261151675151e-07 2.27261151675151e-07 2.27261151675151e-07 2.27261151675151e-07
"EGO" 18 0.868930710227057 0.0133252514361866 0.000238349608269406 6.79171681206014e-06 6.79171681206014e-06 6.79171681206014e-06 6.79171681206014e-06 6.79171681206014e-06 6.79171681206014e-06 6.79171681206014e-06 6.79171681206014e-06
"RSO" 18 0.868930710227057 0.0133273820140056 0.000143547257231535 9.05962873565258e-06 3.00552489118644e-07 3.00552489118644e-07 3.00552489118644e-07 3.00552489118644e-07 3.00552489118644e-07 3.00552489118644e-07 3.00552489118644e-07
"TREGO" 19 0.74681208849437 0.00539917138539581 0.00139265707656255 1.42302027335006e-05 1.42302027335006e-05 1.42302027335006e-05 1.0221997390758e-06 2.33077776634616e-07 2.18040914212736e-07 2.1572906794276e-07 2.15251053425902e-07
"EGO" 19 0.74681208849437 0.00539915217428844 0.00139268604525755 1.52389604850534e-05 1.52389604850534e-05 1.52389604850534e-05 1.52389604850534e-05 1.52389604850534e-05 1.52389604850534e-05 1.52389604850534e-05 1.52389604850534e-05
"RSO" 19 0.74681208849437 0.00539938248162741 5.65816921116458e-05 8.61673817187381e-07 8.61673817187381e-07 8.61673817187381e-07 8.61673817187381e-07 8.61673817187381e-07 8.61673817187381e-07 8.61673817187381e-07 8.61673817187381e-07
"TREGO" 20 0.495787554005754 0.00980530682773884 0.000254773178337775 0.000254773178337775 1.55412323588067e-06 1.55412323588067e-06 1.55412323588067e-06 1.55412323588067e-06 2.16277025621991e-07 2.16277025621991e-07 2.16277025621991e-07
"EGO" 20 0.495787554005754 0.00980527921607255 0.000363933381558823 6.52180155880089e-05 6.52180155880089e-05 6.52180155880089e-05 6.52180155880089e-05 6.52180155880089e-05 6.52180155880089e-05 6.52180155880089e-05 6.52180155880089e-05
"RSO" 20 0.495787554005754 0.00980532544353885 0.000318159572419319 1.40346846899675e-06 1.40346846899675e-06 1.40346846899675e-06 1.40346846899675e-06 1.40346846899675e-06 1.40346846899675e-06 1.40346846899675e-06 1.40346846899675e-06
"TREGO" 21 0.570391989082381 0.00455311894696253 0.000132195684650949 1.97882913099967e-05 1.97882913099967e-05 1.97882913099967e-05 2.57206852705139e-07 2.57018924809671e-07 2.56345305427175e-07 2.56319502067726e-07 2.40326367695332e-07
"EGO" 21 0.570391989082381 0.00455322667668634 0.000132033017017363 0.000132033017017363 3.36594981300564e-05 3.36594981300564e-05 3.36594981300564e-05 3.36594981300564e-05 3.36594981300564e-05 3.36594981300564e-05 3.36594981300564e-05
"RSO" 21 0.570391989082381 0.00676387741103479 0.000396586605718507 5.6394094283263e-07 5.6394094283263e-07 5.6394094283263e-07 5.6394094283263e-07 5.6394094283263e-07 5.6394094283263e-07 5.6394094283263e-07 5.6394094283263e-07
"TREGO" 22 0.727880052504121 0.0295380062389188 0.000447827080901853 1.53216615439433e-05 1.53216615439433e-05 1.53216615439433e-05 5.82777524904543e-07 3.10789309843074e-07 2.7401869440169e-07 2.7401869440169e-07 2.53444761177946e-07
"EGO" 22 0.727880052504121 0.00811879386591574 0.000315365348244168 0.000315365348244168 0.000315365348244168 3.28143257899427e-06 3.28143257899427e-06 3.28143257899427e-06 3.28143257899427e-06 3.28143257899427e-06 3.28143257899427e-06
"RSO" 22 0.727880052504121 0.0568422682143392 0.0013749084828194 4.41263727335439e-07 4.41263727335439e-07 4.41263727335439e-07 4.41263727335439e-07 4.41263727335439e-07 4.41263727335439e-07 4.41263727335439e-07 4.41263727335439e-07
"TREGO" 23 0.957809238766094 0.0153156923451285 3.80562376580684e-05 3.80562376580684e-05 3.80562376580684e-05 3.80562376580684e-05 1.00833265515021e-06 3.64915491157802e-07 2.17253200762713e-07 2.17253200762713e-07 2.17253200762713e-07
"EGO" 23 0.957809238766094 0.0153152684296862 0.000548734374473003 4.09012445854451e-05 4.09012445854451e-05 2.26523618076513e-05 2.26523618076513e-05 2.26523618076513e-05 2.26523618076513e-05 2.26523618076513e-05 2.26523618076513e-05
"RSO" 23 0.957809238766094 0.015315201063574 2.38261073453039e-05 3.24530071260654e-07 3.24530071260654e-07 3.24530071260654e-07 3.24530071260654e-07 3.24530071260654e-07 3.24530071260654e-07 3.24530071260654e-07 3.24530071260654e-07
"TREGO" 24 0.285441154089462 0.00655137197223876 0.000106600859793193 2.31513276731654e-05 2.31513276731654e-05 2.31513276731654e-05 2.92425672565599e-07 2.34452094183268e-07 2.34452094183268e-07 2.34452094183268e-07 2.34452094183268e-07
"EGO" 24 0.285441154089462 0.00915159771015617 1.40815443061548e-05 1.40815443061548e-05 1.40815443061548e-05 1.40815443061548e-05 1.40815443061548e-05 1.40815443061548e-05 1.40815443061548e-05 1.40815443061548e-05 1.40815443061548e-05
"RSO" 24 0.285441154089462 0.00778185752739136 0.000249424138414334 9.3468334849689e-07 9.3468334849689e-07 9.3468334849689e-07 9.3468334849689e-07 9.3468334849689e-07 9.3468334849689e-07 9.3468334849689e-07 9.3468334849689e-07
"TREGO" 25 0.324157037310038 0.0128351711442485 0.000173841055890911 4.63957253580283e-05 4.63957253580283e-05 4.63957253580283e-05 2.40000191586986e-06 2.40000191586986e-06 2.36746648063502e-07 2.36746648063502e-07 2.36746648063502e-07
"EGO" 25 0.324157037310038 0.0436303243725882 0.000439470755534632 0.000439470755534632 1.65467946011688e-06 1.65467946011688e-06 1.65467946011688e-06 1.65467946011688e-06 1.65467946011688e-06 1.65467946011688e-06 1.65467946011688e-06
"RSO" 25 0.324157037310038 0.0128349529931993 2.61603030935476e-05 2.61603030935476e-05 2.61603030935476e-05 2.61603030935476e-05 2.61603030935476e-05 2.61603030935476e-05 2.61603030935476e-05 2.61603030935476e-05 2.61603030935476e-05
"TREGO" 26 0.889527550038821 0.0145485949586663 9.01436331424144e-05 9.01436331424144e-05 2.56559051203809e-06 3.77044946375804e-07 2.14122069852607e-07 2.14122069852607e-07 2.14122069852607e-07 2.14122069852607e-07 2.14122069852607e-07
"EGO" 26 0.889527550038821 0.0145481979682303 9.01600549583215e-05 9.01600549583215e-05 9.01600549583215e-05 9.01600549583215e-05 9.01600549583215e-05 9.01600549583215e-05 9.01600549583215e-05 9.01600549583215e-05 9.01600549583215e-05
"RSO" 26 0.889527550038821 0.014549462697087 0.000234367090327314 4.81201952506893e-07 4.81201952506893e-07 4.81201952506893e-07 4.81201952506893e-07 4.81201952506893e-07 4.81201952506893e-07 4.81201952506893e-07 4.81201952506893e-07
"TREGO" 27 0.685668996664868 0.0151194649796014 0.000303987666390171 8.27204687858796e-07 8.27204687858796e-07 8.27204687858796e-07 3.2483081646717e-07 2.49259967777249e-07 2.49259967777249e-07 2.43015631173904e-07 2.41201040029893e-07
"EGO" 27 0.685668996664868 0.0151194026265973 0.000359851868933614 2.15969738892596e-06 2.15969738892596e-06 2.15969738892596e-06 2.15969738892596e-06 2.15969738892596e-06 2.15969738892596e-06 2.15969738892596e-06 2.15969738892596e-06
"RSO" 27 0.685668996664868 0.0151194911254806 3.08874447307872e-06 3.08874447307872e-06 3.08874447307872e-06 3.08874447307872e-06 3.08874447307872e-06 3.08874447307872e-06 3.08874447307872e-06 3.08874447307872e-06 3.08874447307872e-06
"TREGO" 28 0.256340487941482 0.0115374376477861 0.000254490344798519 1.82348761468276e-05 1.82348761468276e-05 2.85323150883698e-07 2.20816045892747e-07 2.15043433282602e-07 2.15043433282602e-07 2.15043433282602e-07 2.15043433282602e-07
"EGO" 28 0.256340487941482 0.0115374612175727 0.000407025192889154 3.1051436836016e-05 3.1051436836016e-05 3.1051436836016e-05 3.1051436836016e-05 3.1051436836016e-05 3.1051436836016e-05 3.1051436836016e-05 3.1051436836016e-05
"RSO" 28 0.256340487941482 0.0115374824848629 2.72204416207344e-05 1.66500540865755e-06 1.66500540865755e-06 1.66500540865755e-06 1.66500540865755e-06 1.11610187314426e-06 1.11610187314426e-06 1.11610187314426e-06 1.11610187314426e-06
"TREGO" 29 0.693514453596814 0.0187697255396229 3.47642441296259e-05 3.47642441296259e-05 3.47642441296259e-05 3.47642441296259e-05 3.47642441296259e-05 2.19721841165921e-07 2.16541819142435e-07 2.16541819142435e-07 2.16541819142435e-07
"EGO" 29 0.693514453596814 0.0187698171200301 0.000379666653722577 0.000379666653722577 5.51974540385913e-06 5.51974540385913e-06 5.51974540385913e-06 5.51974540385913e-06 5.51974540385913e-06 5.51974540385913e-06 5.51974540385913e-06
"RSO" 29 0.693514453596814 0.0187697094094026 0.00038038089822523 3.62328642689036e-06 9.57978478322019e-07 9.57978478322019e-07 9.57978478322019e-07 9.57978478322019e-07 9.57978478322019e-07 9.57978478322019e-07 9.57978478322019e-07
"TREGO" 30 1.49404140200841 0.008156819398208 0.000151437093201867 2.49545453323563e-06 2.40651919769519e-06 2.18395300510821e-07 2.18395300510821e-07 2.18395300510821e-07 2.18395300510821e-07 2.18395300510821e-07 2.18395300510821e-07
"EGO" 30 1.49404140200841 0.0976662602357954 0.00015051747913164 8.28773331686961e-05 8.28773331686961e-05 8.28773331686961e-05 8.28773331686961e-05 8.28773331686961e-05 8.28773331686961e-05 8.28773331686961e-05 8.28773331686961e-05
"RSO" 30 1.49404140200841 0.00319599016895911 9.75882737721534e-05 2.78997890443833e-05 2.78997890443833e-05 2.78997890443833e-05 2.78997890443833e-05 2.78997890443833e-05 2.78997890443833e-05 2.78997890443833e-05 2.78997890443833e-05
"TREGO" 31 0.941618185805824 0.00383037920127105 9.83828112044449e-05 2.25899307753075e-05 2.25899307753075e-05 2.25899307753075e-05 2.25899307753075e-05 2.23489186268466e-07 2.23489186268466e-07 2.13887862088313e-07 2.1321947940578e-07
"EGO" 31 0.941618185805824 0.0038303614404338 9.85193601406031e-05 9.85193601406031e-05 9.85193601406031e-05 9.85193601406031e-05 9.85193601406031e-05 9.85193601406031e-05 9.85193601406031e-05 9.85193601406031e-05 9.85193601406031e-05
"RSO" 31 0.941618185805824 0.0038303914787825 9.83896715176513e-05 4.75586714454579e-07 4.75586714454579e-07 4.75586714454579e-07 4.75586714454579e-07 4.75586714454579e-07 4.75586714454579e-07 4.75586714454579e-07 4.75586714454579e-07
"TREGO" 32 0.208507537952754 0.00305958751346003 0.000185207664009646 4.34079113542651e-05 4.34079113542651e-05 4.34079113542651e-05 4.34079113542651e-05 1.21148682330485e-06 4.36632531908288e-07 4.36632531908288e-07 2.18759468761931e-07
"EGO" 32 0.208507537952754 0.0277771232597233 0.000898848863973178 2.98964248739431e-05 2.98964248739431e-05 2.98964248739431e-05 2.98964248739431e-05 2.98964248739431e-05 2.98964248739431e-05 2.98964248739431e-05 2.98964248739431e-05
"RSO" 32 0.208507537952754 0.00306030480407093 0.000187013710196915 8.53497014885463e-06 2.51705093212706e-07 2.51705093212706e-07 2.51705093212706e-07 2.51705093212706e-07 2.51705093212706e-07 2.51705093212706e-07 2.51705093212706e-07
"TREGO" 33 0.428583669293448 0.00299031690457152 0.000391763598261097 2.28075001222905e-05 1.61495323616201e-05 1.61495323616201e-05 3.47233323871876e-07 2.62593419897428e-07 2.62593419897428e-07 2.1638561653603e-07 2.15400467240556e-07
"EGO" 33 0.428583669293448 0.00299020012634132 0.000392303440257091 2.65628106643767e-05 2.65628106643767e-05 2.65628106643767e-05 2.65628106643767e-05 2.65628106643767e-05 2.65628106643767e-05 2.65628106643767e-05 2.65628106643767e-05
"RSO" 33 0.428583669293448 0.00299020728855615 0.000115697434459161 3.65159152249106e-07 3.65159152249106e-07 3.65159152249106e-07 3.65159152249106e-07 3.65159152249106e-07 3.65159152249106e-07 3.65159152249106e-07 3.65159152249106e-07
"TREGO" 34 0.303892367181364 0.0166779651772386 0.000200120816507443 1.01757577466444e-05 1.01757577466444e-05 1.01757577466444e-05 1.01757577466444e-05 3.18592536352469e-07 2.39025955028893e-07 2.23585854275399e-07 2.23546641198169e-07
"EGO" 34 0.303892367181364 0.0167303719744147 0.000199784434254724 0.000199784434254724 2.29149816508567e-05 2.29149816508567e-05 2.29149816508567e-05 2.29149816508567e-05 2.29149816508567e-05 2.29149816508567e-05 2.29149816508567e-05
"RSO" 34 0.303892367181364 0.0167305115894458 0.000199788595493633 1.25553962004865e-05 6.14966820577934e-07 6.14966820577934e-07 6.14966820577934e-07 6.14966820577934e-07 6.14966820577934e-07 6.14966820577934e-07 6.14966820577934e-07
"TREGO" 35 0.226452311871929 0.00534643873740892 0.000509734305917497 1.25700082702629e-05 1.25700082702629e-05 2.61380762678343e-06 2.14119038055571e-07 2.14119038055571e-07 2.14119038055571e-07 2.14119038055571e-07 2.14119038055571e-07
"EGO" 35 0.226452311871929 0.0396697165182123 0.00016487840736934 0.00016487840736934 5.67465668810385e-06 5.67465668810385e-06 5.67465668810385e-06 5.67465668810385e-06 5.67465668810385e-06 5.67465668810385e-06 5.67465668810385e-06
"RSO" 35 0.226452311871929 0.0053468182063181 0.000124891002725835 1.12520373245495e-05 1.12520373245495e-05 1.12520373245495e-05 1.12520373245495e-05 1.12520373245495e-05 1.12520373245495e-05 1.12520373245495e-05 1.12520373245495e-05
"TREGO" 36 0.76904274313324 0.00894192599691168 0.00011670011750331 2.04145647320075e-06 2.04145647320075e-06 1.8003568915681e-06 1.09355717592408e-06 2.15190345098648e-07 2.15190345098648e-07 2.15190345098648e-07 2.15190345098648e-07
"EGO" 36 0.76904274313324 0.00250211486462071 3.94817506084166e-05 3.94817506084166e-05 3.94817506084166e-05 3.94817506084166e-05 3.94817506084166e-05 3.94817506084166e-05 3.94817506084166e-05 3.94817506084166e-05 3.94817506084166e-05
"RSO" 36 0.76904274313324 0.00894196833621796 0.000116696386587289 1.08718388358575e-05 1.19482550520189e-06 1.19482550520189e-06 1.19482550520189e-06 1.19482550520189e-06 1.19482550520189e-06 1.19482550520189e-06 1.19482550520189e-06
"TREGO" 37 1.00788900445643 0.000888358629142605 0.000888358629142605 1.4487328336088e-05 1.4487328336088e-05 1.4487328336088e-05 2.19697981584943e-07 2.13696329964819e-07 2.13696329964819e-07 2.13121091441337e-07 2.13121091441337e-07
"EGO" 37 1.00788900445643 0.000888332280147175 0.000888332280147175 1.44793542533606e-05 1.44793542533606e-05 1.44793542533606e-05 1.44793542533606e-05 1.44793542533606e-05 1.44793542533606e-05 1.44793542533606e-05 1.44793542533606e-05
"RSO" 37 1.00788900445643 0.000888259855964524 0.000888259855964524 1.47297091532828e-05 3.04623528624148e-07 3.04623528624148e-07 3.04623528624148e-07 3.04623528624148e-07 3.04623528624148e-07 3.04623528624148e-07 3.04623528624148e-07
"TREGO" 38 0.955125149854346 0.00388382965112477 0.000186254556989063 8.17648360769141e-05 3.00790586216237e-07 2.88666589298714e-07 2.27525623675007e-07 2.27525623675007e-07 2.27525623675007e-07 2.27525623675007e-07 2.20355047986232e-07
"EGO" 38 0.955125149854346 0.0360398040572649 2.96862441997447e-05 2.96862441997447e-05 2.96862441997447e-05 2.96862441997447e-05 2.96862441997447e-05 2.96862441997447e-05 2.96862441997447e-05 2.96862441997447e-05 2.96862441997447e-05
"RSO" 38 0.955125149854346 0.0360397487346624 2.96948893283577e-05 2.96948893283577e-05 2.96948893283577e-05 2.96948893283577e-05 2.96948893283577e-05 2.96948893283577e-05 2.96948893283577e-05 2.96948893283577e-05 2.96948893283577e-05
"TREGO" 39 0.776346367403085 0.00589603687961127 0.00112019144745101 4.37071944201506e-05 4.37071944201506e-05 4.37071944201506e-05 4.30586974076164e-07 3.33207297753546e-07 3.20720003887942e-07 3.20720003887942e-07 3.20720003887942e-07
"EGO" 39 0.776346367403085 0.00589693129532343 0.00112022524624056 5.18902578447999e-05 5.18902578447999e-05 5.18902578447999e-05 5.18902578447999e-05 5.18902578447999e-05 5.18902578447999e-05 5.18902578447999e-05 5.18902578447999e-05
"RSO" 39 0.776346367403085 0.00589545000329617 0.000103275152255833 2.75103596791837e-07 2.75103596791837e-07 2.75103596791837e-07 2.75103596791837e-07 2.75103596791837e-07 2.75103596791837e-07 2.75103596791837e-07 2.75103596791837e-07
"TREGO" 40 0.670588745274654 0.00116071824591968 7.62131820781775e-05 7.62131820781775e-05 7.62131820781775e-05 1.51409729642893e-06 2.75558261098041e-07 2.75558261098041e-07 2.3125871395635e-07 2.30151770974629e-07 2.28809553082243e-07
"EGO" 40 0.670588745274654 0.00116189712318837 4.32024076042481e-05 4.32024076042481e-05 4.32024076042481e-05 4.32024076042481e-05 4.32024076042481e-05 4.32024076042481e-05 4.32024076042481e-05 4.32024076042481e-05 4.32024076042481e-05
"RSO" 40 0.670588745274654 0.00125895449572155 7.82757087423036e-05 7.0075817020232e-06 7.0075817020232e-06 7.0075817020232e-06 7.0075817020232e-06 7.0075817020232e-06 7.0075817020232e-06 7.0075817020232e-06 7.0075817020232e-06
"TREGO" 41 0.661906695367783 0.00325350677139324 0.000256382976454805 0.000256382976454805 9.87042013589345e-06 9.87042013589345e-06 9.87042013589345e-06 3.55617939540309e-07 2.14629618522366e-07 2.14629618522366e-07 2.14629618522366e-07
"EGO" 41 0.661906695367783 0.00325354889872331 0.000256221909674004 0.000256221909674004 0.000256221909674004 0.000256221909674004 0.000256221909674004 0.000256221909674004 0.000256221909674004 0.000256221909674004 0.000256221909674004
"RSO" 41 0.661906695367783 0.00325352941290147 2.88249373494587e-05 1.58234830571757e-06 1.58234830571757e-06 1.58234830571757e-06 1.58234830571757e-06 1.58234830571757e-06 1.58234830571757e-06 1.58234830571757e-06 1.58234830571757e-06
"TREGO" 42 0.85542250545135 0.00403874970062201 0.00101467910905306 1.28450496448274e-05 1.28450496448274e-05 1.28450496448274e-05 3.06048033582584e-07 2.16208055903166e-07 2.16208055903166e-07 2.16208055903166e-07 2.16208055903166e-07
"EGO" 42 0.85542250545135 0.00403874236186841 1.35592999623846e-05 1.35592999623846e-05 1.35592999623846e-05 1.35592999623846e-05 1.35592999623846e-05 1.35592999623846e-05 1.35592999623846e-05 1.35592999623846e-05 1.35592999623846e-05
"RSO" 42 0.85542250545135 0.00403963344913105 7.41767179590624e-06 1.91226388546184e-06 1.91226388546184e-06 1.91226388546184e-06 1.91226388546184e-06 1.91226388546184e-06 1.91226388546184e-06 1.91226388546184e-06 1.91226388546184e-06
"TREGO" 43 0.53092291112124 0.00133004774882384 0.000610721302486184 0.000130632213720894 0.000130632213720894 0.000130632213720894 5.5940949605926e-07 2.27521491424909e-07 2.21520543242093e-07 2.18314297750766e-07 2.18314297750766e-07
"EGO" 43 0.53092291112124 0.0013301246379589 0.000151268305752073 0.000151268305752073 0.000151268305752073 0.000151268305752073 0.000151268305752073 0.000151268305752073 0.000151268305752073 0.000151268305752073 0.000151268305752073
"RSO" 43 0.53092291112124 0.00133009092373015 3.87776249550775e-05 2.54701972490778e-06 2.54701972490778e-06 2.54701972490778e-06 2.54701972490778e-06 2.54701972490778e-06 2.54701972490778e-06 2.54701972490778e-06 2.54701972490778e-06
"TREGO" 44 0.76534506900402 0.0303093605268554 0.00110413369072715 4.74872857374464e-05 4.74872857374464e-05 4.74872857374464e-05 4.74872857374464e-05 2.48790403389876e-07 2.48790403389876e-07 2.48790403389876e-07 2.4378645990808e-07
"EGO" 44 0.76534506900402 0.0303082922482805 0.00134486378223864 0.000187920195991786 0.000187920195991786 0.000187920195991786 2.90982740125401e-07 2.90982740125401e-07 2.90982740125401e-07 2.90982740125401e-07 2.90982740125401e-07
"RSO" 44 0.76534506900402 0.0303084446173489 0.000200004260046072 9.6151442630088e-07 9.6151442630088e-07 9.6151442630088e-07 9.6151442630088e-07 9.6151442630088e-07 9.6151442630088e-07 9.6151442630088e-07 9.6151442630088e-07
"TREGO" 45 1.16082841311621 0.00489590725020417 1.17584970946716e-05 1.17584970946716e-05 1.17584970946716e-05 1.17584970946716e-05 5.56796873940613e-07 2.18539170759868e-07 2.16836586020008e-07 2.16174012024339e-07 2.16174012024339e-07
"EGO" 45 1.16082841311621 0.00931223577624252 0.000299094177730552 0.000299094177730552 0.000299094177730552 1.37615983497597e-06 1.37615983497597e-06 1.37615983497597e-06 1.37615983497597e-06 1.37615983497597e-06 1.37615983497597e-06
"RSO" 45 1.16082841311621 0.00931224641006567 0.000299085083576678 1.5282920684534e-06 1.5282920684534e-06 1.5282920684534e-06 1.5282920684534e-06 1.5282920684534e-06 1.5282920684534e-06 1.5282920684534e-06 1.5282920684534e-06
"TREGO" 46 0.717523065258148 0.0299777291241461 0.00110763443857209 4.43993934173825e-05 4.43993934173825e-05 1.19124181319208e-06 2.31389218896538e-07 2.31389218896538e-07 2.31389218896538e-07 2.12745285832483e-07 2.12737161220389e-07
"EGO" 46 0.717523065258148 0.0299781556505949 0.000301895170002897 0.000301895170002897 0.000301895170002897 0.000301895170002897 0.000301895170002897 0.000301895170002897 0.000301895170002897 0.000301895170002897 0.000301895170002897
"RSO" 46 0.717523065258148 0.0299776257551372 0.000302468154342872 1.26900219532544e-06 1.26900219532544e-06 1.26900219532544e-06 1.26900219532544e-06 1.26900219532544e-06 1.26900219532544e-06 1.26900219532544e-06 1.26900219532544e-06
"TREGO" 47 1.73365711301463 0.281451577612531 0.000797628596251876 8.03399237718772e-05 1.51001737305201e-05 5.07603227406506e-06 4.51845195037492e-07 2.5959784100138e-07 2.5959784100138e-07 2.13453399400265e-07 2.13306778018563e-07
"EGO" 47 1.73365711301463 0.0354530041368872 0.000884922154685608 1.2372390709281e-05 1.2372390709281e-05 1.2372390709281e-05 1.2372390709281e-05 1.2372390709281e-05 1.2372390709281e-05 1.2372390709281e-05 1.2372390709281e-05
"RSO" 47 1.73365711301463 1.09754979999862 0.346160807352659 0.00230779446505247 4.37737453720111e-05 2.23284347189434e-06 2.23284347189434e-06 2.23284347189434e-06 2.23284347189434e-06 2.23284347189434e-06 2.23284347189434e-06
"TREGO" 48 1.09356334880409 0.0092308863051529 0.00070733458097294 4.7719276431657e-05 4.7719276431657e-05 4.7719276431657e-05 2.90289106086306e-07 2.90289106086306e-07 2.14091284256313e-07 2.14091284256313e-07 2.14091284256313e-07
"EGO" 48 1.09356334880409 0.00987500545176934 0.000713952219035363 0.000713952219035363 4.86925924945147e-05 4.86925924945147e-05 4.86925924945147e-05 4.86925924945147e-05 4.86925924945147e-05 4.86925924945147e-05 4.86925924945147e-05
"RSO" 48 1.09356334880409 0.00923088559967367 4.51951152093955e-05 3.7178086520484e-07 3.7178086520484e-07 3.7178086520484e-07 3.7178086520484e-07 3.7178086520484e-07 3.7178086520484e-07 3.7178086520484e-07 3.7178086520484e-07
"TREGO" 49 0.45700896412461 0.0140175957887925 0.000219403134136709 3.70016920325789e-05 3.70016920325789e-05 3.70016920325789e-05 3.70016920325789e-05 2.67997731562275e-07 2.14795224273701e-07 2.14795224273701e-07 2.14795224273701e-07
"EGO" 49 0.45700896412461 0.0140176080057519 0.000219100415850271 0.000219100415850271 0.000219100415850271 0.000219100415850271 6.24653988978707e-07 6.24653988978707e-07 6.24653988978707e-07 6.24653988978707e-07 6.24653988978707e-07
"RSO" 49 0.45700896412461 0.0140176289902496 1.50546382151617e-05 1.50546382151617e-05 1.50546382151617e-05 1.50546382151617e-05 1.50546382151617e-05 1.50546382151617e-05 1.50546382151617e-05 1.50546382151617e-05 1.50546382151617e-05
"TREGO" 50 1.21538737028864 0.198339410053314 0.00214826450827443 8.35442196533975e-06 8.35442196533975e-06 8.35442196533975e-06 8.35442196533975e-06 2.84355103019607e-07 2.37131555280712e-07 2.28797277568304e-07 2.27619580517313e-07
"EGO" 50 1.21538737028864 0.198344533873708 0.00214842718324304 8.37864802916144e-06 8.37864802916144e-06 8.37864802916144e-06 8.37864802916144e-06 8.37864802916144e-06 8.37864802916144e-06 8.37864802916144e-06 8.37864802916144e-06
"RSO" 50 1.21538737028864 0.198347114436395 0.0193467353377841 0.00182381622241801 3.24890332281669e-06 3.24890332281669e-06 3.24890332281669e-06 3.24890332281669e-06 3.24890332281669e-06 3.24890332281669e-06 3.24890332281669e-06
"TREGO" 51 1.68333794056405 0.0221000941432812 0.000543244643274488 5.08036408555235e-05 5.08036408555235e-05 5.08036408555235e-05 5.20434008777215e-07 2.26122570889942e-07 2.26122570889942e-07 2.26122570889942e-07 2.26122570889942e-07
"EGO" 51 1.68333794056405 0.0221001137069079 0.000431412467013281 4.9592203869242e-05 4.9592203869242e-05 4.9592203869242e-05 4.9592203869242e-05 4.9592203869242e-05 4.9592203869242e-05 4.9592203869242e-05 4.9592203869242e-05
"RSO" 51 1.68333794056405 0.0221001289555671 0.000431773998243568 3.13704364618417e-06 7.51317488667524e-07 7.51317488667524e-07 7.51317488667524e-07 7.51317488667524e-07 7.51317488667524e-07 7.51317488667524e-07 7.51317488667524e-07
"TREGO" 52 0.900914482593189 0.0130673168337188 4.45343011197252e-05 4.45343011197252e-05 4.45343011197252e-05 2.25356555239031e-06 2.23879581540132e-07 2.23879581540132e-07 2.23879581540132e-07 2.23879581540132e-07 2.23879581540132e-07
"EGO" 52 0.900914482593189 0.0130676305628064 0.00125894306045504 5.19764574491433e-06 5.19764574491433e-06 5.19764574491433e-06 5.19764574491433e-06 5.19764574491433e-06 5.19764574491433e-06 5.19764574491433e-06 5.19764574491433e-06
"RSO" 52 0.900914482593189 0.0130675250510963 4.78994925723342e-06 2.4012447172872e-06 2.4012447172872e-06 2.4012447172872e-06 2.4012447172872e-06 2.4012447172872e-06 2.4012447172872e-06 2.4012447172872e-06 2.4012447172872e-06
"TREGO" 53 0.0166711075997705 0.000656382968439395 0.000437439736168166 7.73506438900284e-07 7.73506438900284e-07 7.73506438900284e-07 2.13084875078096e-07 2.13084875078096e-07 2.13084875078096e-07 2.13084875078096e-07 2.13084875078096e-07
"EGO" 53 0.0166711075997705 0.00065640120813093 0.00065640120813093 1.01779295276216e-05 7.97671316199455e-06 7.97671316199455e-06 7.97671316199455e-06 7.97671316199455e-06 7.97671316199455e-06 7.97671316199455e-06 7.97671316199455e-06
"RSO" 53 0.0166711075997705 0.000656387462183439 3.49148414580114e-06 3.49148414580114e-06 3.49148414580114e-06 3.49148414580114e-06 3.49148414580114e-06 3.49148414580114e-06 3.49148414580114e-06 3.49148414580114e-06 3.49148414580114e-06
"TREGO" 54 0.346391778794852 0.0348176241704707 0.000911167564881854 5.73751961896463e-05 5.73751961896463e-05 5.73751961896463e-05 4.4626601569675e-07 3.74416508019948e-07 2.29345010538395e-07 2.14983396418233e-07 2.14983396418233e-07
"EGO" 54 0.346391778794852 0.0447275844821733 2.72634079312439e-05 2.72634079312439e-05 2.72634079312439e-05 2.72634079312439e-05 2.72634079312439e-05 2.72634079312439e-05 2.72634079312439e-05 2.72634079312439e-05 2.72634079312439e-05
"RSO" 54 0.346391778794852 0.0447271280217629 2.73292979180439e-05 6.99172961438066e-06 6.99172961438066e-06 6.99172961438066e-06 6.99172961438066e-06 6.99172961438066e-06 6.99172961438066e-06 6.99172961438066e-06 6.99172961438066e-06
"TREGO" 55 0.939106576697368 0.0571463539684327 0.000123537245874328 1.06658511360713e-05 1.06658511360713e-05 1.06658511360713e-05 2.40046357014023e-07 2.38670406993435e-07 2.38670406993435e-07 2.35526585790069e-07 2.35526585790069e-07
"EGO" 55 0.939106576697368 0.0571893981901481 9.34991333405577e-05 5.04438406956353e-06 5.04438406956353e-06 5.04438406956353e-06 5.04438406956353e-06 5.04438406956353e-06 5.04438406956353e-06 5.04438406956353e-06 5.04438406956353e-06
"RSO" 55 0.939106576697368 0.0571896362869153 0.000281910644233552 6.25587354363688e-07 6.25587354363688e-07 6.25587354363688e-07 6.25587354363688e-07 6.25587354363688e-07 6.25587354363688e-07 6.25587354363688e-07 6.25587354363688e-07
"TREGO" 56 0.215444338889204 0.00519332240063219 4.33081671133984e-05 4.33081671133984e-05 4.33081671133984e-05 4.33081671133984e-05 2.97456936859675e-07 2.28931624768336e-07 2.16415247944468e-07 2.12790675302443e-07 2.12790675302443e-07
"EGO" 56 0.215444338889204 0.00452368126272829 0.00322408851737555 6.21526638102665e-05 6.21526638102665e-05 6.21526638102665e-05 6.21526638102665e-05 6.21526638102665e-05 6.21526638102665e-05 6.21526638102665e-05 6.21526638102665e-05
"RSO" 56 0.215444338889204 0.00452372017572689 0.000183186763088372 8.17283585696771e-07 8.17283585696771e-07 8.17283585696771e-07 8.17283585696771e-07 8.17283585696771e-07 8.17283585696771e-07 8.17283585696771e-07 8.17283585696771e-07
"TREGO" 57 0.180333557996143 0.00325415086247949 0.000389606980234714 0.000389606980234714 0.000389606980234714 2.45992965108854e-07 2.2713448144529e-07 2.17451844086725e-07 2.17451844086725e-07 2.16113864137668e-07 2.13784091762648e-07
"EGO" 57 0.180333557996143 0.0032539333176298 0.000110416206227093 1.07458646381176e-06 1.07458646381176e-06 1.07458646381176e-06 1.07458646381176e-06 1.07458646381176e-06 1.07458646381176e-06 1.07458646381176e-06 1.07458646381176e-06
"RSO" 57 0.180333557996143 0.0016765371824472 2.25263258988306e-05 9.07581596321094e-06 9.07581596321094e-06 9.07581596321094e-06 9.07581596321094e-06 9.07581596321094e-06 9.07581596321094e-06 9.07581596321094e-06 9.07581596321094e-06
"TREGO" 58 0.126330164933248 0.00295618733856351 0.00114462773752821 4.50752040555003e-05 7.87841128779831e-07 7.87841128779831e-07 2.53897518120993e-07 2.53897518120993e-07 2.53897518120993e-07 2.21963813107351e-07 2.20866796851737e-07
"EGO" 58 0.126330164933248 0.00656882792897528 0.00091042992319057 0.00091042992319057 1.6660233765009e-05 1.6660233765009e-05 1.6660233765009e-05 1.6660233765009e-05 1.6660233765009e-05 1.6660233765009e-05 1.6660233765009e-05
"RSO" 58 0.126330164933248 0.00656875226739784 8.51290274272998e-06 6.70373357136711e-06 6.70373357136711e-06 6.70373357136711e-06 6.70373357136711e-06 6.70373357136711e-06 6.70373357136711e-06 6.70373357136711e-06 6.70373357136711e-06
"TREGO" 59 0.122344362677117 0.000533298234191459 2.2488061340642e-05 2.2488061340642e-05 2.2488061340642e-05 4.34239207702802e-07 3.29230159135108e-07 3.29230159135108e-07 3.29230159135108e-07 2.13447029828728e-07 2.13447029828728e-07
"EGO" 59 0.122344362677117 0.000533287021018403 3.32735779471349e-05 3.32735779471349e-05 3.32735779471349e-05 3.32735779471349e-05 3.32735779471349e-05 3.32735779471349e-05 3.32735779471349e-05 3.32735779471349e-05 3.32735779471349e-05
"RSO" 59 0.122344362677117 0.000533374444900758 2.24776993769105e-05 2.17518154110863e-06 2.17518154110863e-06 2.17518154110863e-06 2.17518154110863e-06 2.17518154110863e-06 2.17518154110863e-06 2.17518154110863e-06 2.17518154110863e-06
"TREGO" 60 0.586661358119367 0.0140200127459442 0.00047139438975341 3.67460808847753e-05 3.67460808847753e-05 3.67460808847753e-05 2.41094691766364e-07 2.41094691766364e-07 2.12995375559188e-07 2.12995375559188e-07 2.12995375559188e-07
"EGO" 60 0.586661358119367 0.000813777204441202 0.000813777204441202 0.000813777204441202 2.04660293379177e-06 2.04660293379177e-06 2.04660293379177e-06 2.04660293379177e-06 2.04660293379177e-06 2.04660293379177e-06 2.04660293379177e-06
"RSO" 60 0.586661358119367 0.000813806517315108 0.000813806517315108 0.000813806517315108 1.96538579366745e-06 1.96538579366745e-06 1.96538579366745e-06 1.96538579366745e-06 1.96538579366745e-06 1.96538579366745e-06 1.96538579366745e-06
"TREGO" 61 0.652534174890255 0.0130876933623632 6.52950083210868e-05 6.52950083210868e-05 6.52950083210868e-05 8.36776752777268e-07 2.3383659586429e-07 2.3383659586429e-07 2.3383659586429e-07 2.17033147009715e-07 2.16798915264604e-07
"EGO" 61 0.652534174890255 0.0130877923288852 0.000256595316855179 0.000256595316855179 5.98363374271216e-06 5.98363374271216e-06 5.98363374271216e-06 5.98363374271216e-06 5.98363374271216e-06 5.98363374271216e-06 5.98363374271216e-06
"RSO" 61 0.652534174890255 0.0130877219650793 7.47592147054554e-05 1.98553986860972e-05 1.98553986860972e-05 1.98553986860972e-05 1.98553986860972e-05 1.98553986860972e-05 1.98553986860972e-05 1.98553986860972e-05 1.98553986860972e-05
"TREGO" 62 1.10313740091124 0.00575117260464353 0.000325670492418162 7.01314057849345e-06 7.01314057849345e-06 7.01314057849345e-06 2.1717032527846e-07 2.1717032527846e-07 2.1717032527846e-07 2.1717032527846e-07 2.1717032527846e-07
"EGO" 62 1.10313740091124 0.005687488915048 0.000286556874927069 0.000286556874927069 0.000286556874927069 0.000286556874927069 7.96162839478143e-06 7.96162839478143e-06 7.96162839478143e-06 7.96162839478143e-06 2.96046671843797e-06
"RSO" 62 1.10313740091124 0.00575117925692092 0.00024523861820569 3.55549892194773e-07 3.55549892194773e-07 3.55549892194773e-07 3.55549892194773e-07 3.55549892194773e-07 3.55549892194773e-07 3.55549892194773e-07 3.55549892194773e-07
"TREGO" 63 0.983199910006872 0.0317459978700763 0.00121578097372499 8.52648230109665e-06 8.52648230109665e-06 8.52648230109665e-06 9.07790275395115e-07 2.73045653642612e-07 2.38098258886765e-07 2.38098258886765e-07 2.3410149818659e-07
"EGO" 63 0.983199910006872 0.00691737153007166 0.000132703326326311 0.000132703326326311 2.03094810093951e-05 2.03094810093951e-05 2.03094810093951e-05 2.03094810093951e-05 2.03094810093951e-05 2.03094810093951e-05 2.03094810093951e-05
"RSO" 63 0.983199910006872 0.00691701476230078 7.63683326217013e-05 1.75916318312375e-06 1.75916318312375e-06 1.75916318312375e-06 1.75916318312375e-06 1.75916318312375e-06 1.75916318312375e-06 1.75916318312375e-06 1.75916318312375e-06
"TREGO" 64 0.681306663822289 0.0111997629334528 2.9753792861964e-05 2.9753792861964e-05 2.67520890249173e-05 2.33723361997562e-07 2.26795523694534e-07 2.16464617341927e-07 2.13703885254546e-07 2.13703885254546e-07 2.13703885254546e-07
"EGO" 64 0.681306663822289 0.0111997734825411 4.71692903980525e-06 4.71692903980525e-06 4.71692903980525e-06 4.71692903980525e-06 4.71692903980525e-06 4.71692903980525e-06 4.71692903980525e-06 4.71692903980525e-06 4.71692903980525e-06
"RSO" 64 0.681306663822289 0.0111997625118194 1.30276269496576e-05 4.98350142930093e-07 4.98350142930093e-07 4.98350142930093e-07 4.98350142930093e-07 4.98350142930093e-07 4.98350142930093e-07 4.98350142930093e-07 4.98350142930093e-07
"TREGO" 65 0.872917779555331 0.00548372004133402 0.000495016548101912 1.49643311466718e-05 1.49643311466718e-05 1.49643311466718e-05 3.0222294444826e-07 2.38938146157608e-07 2.27605155611599e-07 2.27605155611599e-07 2.27605155611599e-07
"EGO" 65 0.872917779555331 0.00548406669468759 0.000330539573693223 0.000160909206496473 0.000160909206496473 0.000160909206496473 0.000160909206496473 0.000160909206496473 0.000160909206496473 0.000160909206496473 0.000160909206496473
"RSO" 65 0.872917779555331 0.0054837396851819 0.000495020737326435 2.10737868400201e-06 2.10737868400201e-06 2.10737868400201e-06 2.10737868400201e-06 2.10737868400201e-06 2.10737868400201e-06 2.10737868400201e-06 2.10737868400201e-06
"TREGO" 66 1.79904088311423 0.124518878678867 0.000491455640184046 3.22592727508564e-06 3.22592727508564e-06 3.22592727508564e-06 2.31446439347138e-07 2.1568544905648e-07 2.13822228811722e-07 2.13822228811722e-07 2.13822228811722e-07
"EGO" 66 1.79904088311423 0.124516822219921 0.000396256904541037 0.000396256904541037 4.36489744259916e-06 4.36489744259916e-06 4.36489744259916e-06 4.36489744259916e-06 4.36489744259916e-06 4.36489744259916e-06 4.36489744259916e-06
"RSO" 66 1.79904088311423 0.12451829302065 0.000396301859334258 2.41903864006687e-06 2.41903864006687e-06 2.41903864006687e-06 2.41903864006687e-06 2.41903864006687e-06 2.41903864006687e-06 2.41903864006687e-06 2.41903864006687e-06
"TREGO" 67 0.0510194310872629 0.00324598742495752 0.000442540401306868 2.85061030873557e-05 2.85061030873557e-05 2.62585738042276e-07 2.62585738042276e-07 2.27652105611043e-07 2.27652105611043e-07 2.27652105611043e-07 2.27652105611043e-07
"EGO" 67 0.0510194310872629 0.00324600151175991 2.97259579911113e-05 2.97259579911113e-05 2.97259579911113e-05 2.97259579911113e-05 2.97259579911113e-05 2.97259579911113e-05 2.97259579911113e-05 2.97259579911113e-05 2.97259579911113e-05
"RSO" 67 0.0510194310872629 0.00324609032342993 1.61265917171249e-05 1.26968939051508e-06 1.26968939051508e-06 1.26968939051508e-06 1.26968939051508e-06 1.26968939051508e-06 1.26968939051508e-06 1.26968939051508e-06 1.26968939051508e-06
"TREGO" 68 0.507706446476516 0.0098697215235628 4.37407652476018e-05 4.37407652476018e-05 4.37407652476018e-05 4.27698303440138e-07 2.31553997309675e-07 2.13182298036685e-07 2.13097174128762e-07 2.13097174128762e-07 2.13097174128762e-07
"EGO" 68 0.507706446476516 0.00986964742385954 0.000246557741938602 0.000246557741938602 0.000246557741938602 0.000246557741938602 0.000246557741938602 0.000246557741938602 0.000246557741938602 0.000246557741938602 0.000246557741938602
"RSO" 68 0.507706446476516 0.00986943950665831 4.37416933953827e-05 2.67795496888823e-06 2.67795496888823e-06 2.67795496888823e-06 2.67795496888823e-06 2.67795496888823e-06 2.67795496888823e-06 2.67795496888823e-06 2.67795496888823e-06
"TREGO" 69 0.194310114530867 0.0109845579359824 1.7875410174284e-05 1.7875410174284e-05 1.7875410174284e-05 6.97023594309343e-06 2.91931305129722e-06 2.50104312371491e-07 2.50104312371491e-07 2.33106931091243e-07 2.33106931091243e-07
"EGO" 69 0.194310114530867 0.0109845392784012 1.78194672382226e-05 1.78194672382226e-05 1.78194672382226e-05 1.78194672382226e-05 1.78194672382226e-05 1.78194672382226e-05 1.78194672382226e-05 1.78194672382226e-05 1.78194672382226e-05
"RSO" 69 0.194310114530867 0.0109845608756434 1.78185658223917e-05 2.20193931843582e-06 2.20193931843582e-06 2.20193931843582e-06 2.20193931843582e-06 2.20193931843582e-06 2.20193931843582e-06 2.20193931843582e-06 2.20193931843582e-06
"TREGO" 70 0.804158684340171 0.80117292396938 0.0158704552269229 0.00225408732167409 0.000337872036780151 3.62488803862249e-07 3.62488803862249e-07 3.62488803862249e-07 3.62488803862249e-07 2.14750387694806e-07 2.14750387694806e-07
"EGO" 70 0.804158684340171 0.801172442076179 0.0158702523919536 0.00225306495674849 0.000327249177034972 3.96953505399367e-06 3.96953505399367e-06 3.96953505399367e-06 3.96953505399367e-06 3.96953505399367e-06 3.96953505399367e-06
"RSO" 70 0.804158684340171 0.801172711648177 0.773016030139402 0.773016030139402 0.0160407272440128 0.00129184325298626 3.96248441703051e-06 3.96248441703051e-06 3.96248441703051e-06 3.96248441703051e-06 3.96248441703051e-06
"TREGO" 71 1.34733431814561 0.00199974346289933 0.00015495383205133 7.32413687831723e-06 7.32413687831723e-06 4.30155608466265e-07 2.40243230198445e-07 2.40243230198445e-07 2.22423687912254e-07 2.22423687912254e-07 2.22423687912254e-07
"EGO" 71 1.34733431814561 0.011956939803258 0.000658420090561052 3.57009050233614e-06 3.57009050233614e-06 3.57009050233614e-06 3.57009050233614e-06 3.57009050233614e-06 3.57009050233614e-06 3.57009050233614e-06 3.57009050233614e-06
"RSO" 71 1.34733431814561 0.00621249601012108 3.09176358608276e-05 2.62915828352916e-06 2.62915828352916e-06 2.62915828352916e-06 2.62915828352916e-06 2.62915828352916e-06 2.62915828352916e-06 2.62915828352916e-06 2.62915828352916e-06
"TREGO" 72 1.5955628023587 0.00664166611286676 0.000810437246500761 7.44092627797954e-05 3.32236231410654e-05 5.32369451633485e-07 2.21780790177206e-07 2.21780790177206e-07 2.21780790177206e-07 2.21780790177206e-07 2.12931568821517e-07
"EGO" 72 1.5955628023587 0.00664098588538531 0.000703373563155196 7.46648500555835e-05 5.55551156073975e-05 5.55551156073975e-05 5.55551156073975e-05 5.55551156073975e-05 5.55551156073975e-05 5.55551156073975e-05 5.55551156073975e-05
"RSO" 72 1.5955628023587 0.00664156517361825 4.07894894838279e-06 4.07894894838279e-06 4.07894894838279e-06 4.07894894838279e-06 4.07894894838279e-06 4.07894894838279e-06 4.07894894838279e-06 4.07894894838279e-06 4.07894894838279e-06
"TREGO" 73 0.205969467739773 0.153498712731089 0.000309669141216773 1.46076792217897e-06 1.46076792217897e-06 1.46076792217897e-06 2.4654563013371e-07 2.12804213362006e-07 2.12804213362006e-07 2.12804213362006e-07 2.12804213362006e-07
"EGO" 73 0.205969467739773 0.153498392502184 0.000902559088467036 9.87800876361966e-05 9.87800876361966e-05 9.87800876361966e-05 9.87800876361966e-05 9.87800876361966e-05 8.45845980457227e-06 8.45845980457227e-06 8.45845980457227e-06
"RSO" 73 0.205969467739773 0.153499338815552 0.000309531710342092 5.67163306985918e-07 5.67163306985918e-07 5.67163306985918e-07 5.67163306985918e-07 5.67163306985918e-07 5.67163306985918e-07 5.67163306985918e-07 5.67163306985918e-07
"TREGO" 74 0.410446554800774 0.0108726847593452 5.65518980453206e-05 5.65518980453206e-05 5.65518980453206e-05 2.12896836737642e-06 6.26799759650964e-07 2.28573301175317e-07 2.28573301175317e-07 2.18866937018447e-07 2.17722232243034e-07
"EGO" 74 0.410446554800774 0.0556092777022985 0.000675332742024359 9.94342197913056e-06 9.94342197913056e-06 9.94342197913056e-06 9.94342197913056e-06 9.94342197913056e-06 9.94342197913056e-06 9.94342197913056e-06 9.94342197913056e-06
"RSO" 74 0.410446554800774 0.00634018119450586 8.07113670981963e-05 4.60711276266679e-05 4.60711276266679e-05 4.60711276266679e-05 4.60711276266679e-05 4.60711276266679e-05 4.60711276266679e-05 4.60711276266679e-05 4.60711276266679e-05
"TREGO" 75 0.38726285272433 0.0257260776012846 4.41589036257461e-05 4.41589036257461e-05 4.41589036257461e-05 4.41589036257461e-05 7.72467071197269e-07 2.13791813585829e-07 2.13594069986556e-07 2.13572437512966e-07 2.13572437512966e-07
"EGO" 75 0.38726285272433 0.0257262611168008 4.41621385043334e-05 4.41621385043334e-05 4.41621385043334e-05 4.41621385043334e-05 4.41621385043334e-05 4.41621385043334e-05 4.41621385043334e-05 4.41621385043334e-05 4.41621385043334e-05
"RSO" 75 0.38726285272433 0.0257251049910883 0.000125890362392855 1.47360331101964e-05 2.40735858358931e-07 2.40735858358931e-07 2.40735858358931e-07 2.40735858358931e-07 2.40735858358931e-07 2.40735858358931e-07 2.40735858358931e-07
"TREGO" 76 0.267519856754761 0.00742355523075222 6.79599388577756e-05 6.79599388577756e-05 8.07100040045583e-06 8.07100040045583e-06 2.42313558551643e-07 2.42313558551643e-07 2.16819742604457e-07 2.16819742604457e-07 2.16819742604457e-07
"EGO" 76 0.267519856754761 0.00742355198928868 0.000404716348237244 4.5373609621091e-05 4.5373609621091e-05 4.5373609621091e-05 4.5373609621091e-05 4.5373609621091e-05 4.5373609621091e-05 4.5373609621091e-05 4.5373609621091e-05
"RSO" 76 0.267519856754761 0.0074241221072735 1.23108569298758e-05 1.23108569298758e-05 1.23108569298758e-05 1.23108569298758e-05 1.23108569298758e-05 1.23108569298758e-05 1.23108569298758e-05 1.23108569298758e-05 1.23108569298758e-05
"TREGO" 77 0.816230493582458 0.0148654402205128 8.75071273558348e-05 8.75071273558348e-05 8.75071273558348e-05 8.75071273558348e-05 2.89818763210548e-07 2.17964585047525e-07 2.17964585047525e-07 2.17964585047525e-07 2.17964585047525e-07
"EGO" 77 0.816230493582458 0.0148643330216855 9.45769674354224e-05 9.45769674354224e-05 9.45769674354224e-05 9.45769674354224e-05 9.45769674354224e-05 9.45769674354224e-05 9.45769674354224e-05 9.45769674354224e-05 9.45769674354224e-05
"RSO" 77 0.816230493582458 0.0148650216807313 9.45960972758009e-05 3.73311282197974e-06 3.73311282197974e-06 3.73311282197974e-06 3.73311282197974e-06 3.73311282197974e-06 3.73311282197974e-06 3.73311282197974e-06 3.73311282197974e-06
"TREGO" 78 0.662539003551428 0.0132617592979916 0.000559676584582558 0.000559676584582558 3.97215685987717e-06 3.97215685987717e-06 3.97215685987717e-06 2.32987324988443e-07 2.31714028853247e-07 2.31714028853247e-07 2.31714028853247e-07
"EGO" 78 0.662539003551428 0.0132618470418708 0.000559689113580841 0.000559689113580841 0.000559689113580841 0.000559689113580841 4.42584171089777e-07 4.42584171089777e-07 4.42584171089777e-07 4.42584171089777e-07 4.42584171089777e-07
"RSO" 78 0.662539003551428 0.0132618870537806 0.000189650103542327 0.000189650103542327 0.000189650103542327 0.000189650103542327 0.000189650103542327 0.000189650103542327 0.000189650103542327 0.000189650103542327 0.000189650103542327
"TREGO" 79 0.0508833876584256 0.0162074105559462 0.000587536348207962 1.95422358770792e-05 1.95422358770792e-05 1.95422358770792e-05 3.21253037949276e-07 2.22736011856739e-07 2.22736011856739e-07 2.13676755844716e-07 2.13629304912644e-07
"EGO" 79 0.0508833876584256 0.0162075605528917 0.000587663333178057 1.83255183259234e-05 1.83255183259234e-05 1.83255183259234e-05 1.83255183259234e-05 1.83255183259234e-05 1.83255183259234e-05 1.83255183259234e-05 1.83255183259234e-05
"RSO" 79 0.0508833876584256 0.0162075487315514 3.34388471627811e-05 4.21449873666546e-07 4.21449873666546e-07 4.21449873666546e-07 4.21449873666546e-07 4.21449873666546e-07 4.21449873666546e-07 4.21449873666546e-07 4.21449873666546e-07
"TREGO" 80 1.50746862161497 0.0305230909222614 0.000594907889017726 1.09538511492424e-05 1.09538511492424e-05 1.09538511492424e-05 2.25334934267352e-07 2.15694388128185e-07 2.15575095108278e-07 2.15139721149171e-07 2.15139721149171e-07
"EGO" 80 1.50746862161497 0.0103291195205704 0.00082971652852315 0.000107576759480033 0.000107576759480033 0.000107576759480033 0.000107576759480033 0.000107576759480033 0.000107576759480033 0.000107576759480033 0.000107576759480033
"RSO" 80 1.50746862161497 0.00902679530139272 0.000140813928926509 6.65291819856861e-07 6.65291819856861e-07 6.65291819856861e-07 6.65291819856861e-07 6.65291819856861e-07 6.65291819856861e-07 6.65291819856861e-07 6.65291819856861e-07
"TREGO" 81 0.57565352695175 0.0155013138267623 0.000617436206806321 0.000132369360474005 4.25667518122452e-07 4.25667518122452e-07 4.24419115852004e-07 2.32570198654969e-07 2.32570198654969e-07 2.32570198654969e-07 2.18903921211933e-07
"EGO" 81 0.57565352695175 0.0155005449225896 0.000308322049502152 0.000220487714286843 0.000220487714286843 0.000220487714286843 0.000220487714286843 0.000220487714286843 0.000220487714286843 0.000220487714286843 0.000220487714286843
"RSO" 81 0.57565352695175 0.0155006883990882 0.000308355854014675 4.41883106283569e-06 1.41106925211076e-06 1.41106925211076e-06 1.41106925211076e-06 1.41106925211076e-06 1.41106925211076e-06 1.41106925211076e-06 1.41106925211076e-06
"TREGO" 82 0.493282743978038 0.0391412858633431 0.000304561568207351 2.62192628941449e-06 2.62192628941449e-06 2.62192628941449e-06 3.23996487416878e-07 2.52440263359688e-07 2.28772880195294e-07 2.22837214014504e-07 2.22270853278417e-07
"EGO" 82 0.493282743978038 0.0391410242905144 0.00032922108477651 0.00032922108477651 0.00032922108477651 0.00032922108477651 1.13724489647637e-06 1.13724489647637e-06 1.13724489647637e-06 1.13724489647637e-06 1.13724489647637e-06
"RSO" 82 0.493282743978038 0.0391410049588172 0.00030457378247073 1.08076209759389e-06 1.08076209759389e-06 1.08076209759389e-06 1.08076209759389e-06 1.08076209759389e-06 1.08076209759389e-06 1.08076209759389e-06 1.08076209759389e-06
"TREGO" 83 0.138643264618448 0.016544538144871 7.56063838323051e-05 7.56063838323051e-05 7.56063838323051e-05 7.56063838323051e-05 3.09435757017695e-07 2.30546101764872e-07 2.30546101764872e-07 2.23422661260742e-07 2.23422661260742e-07
"EGO" 83 0.138643264618448 0.0165442957534632 7.5562566106413e-05 7.5562566106413e-05 7.5562566106413e-05 7.5562566106413e-05 1.89328369293307e-06 1.89328369293307e-06 1.89328369293307e-06 1.89328369293307e-06 1.89328369293307e-06
"RSO" 83 0.138643264618448 0.0165441371501944 0.000121082695856867 1.34213948888018e-06 1.34213948888018e-06 1.34213948888018e-06 1.34213948888018e-06 1.34213948888018e-06 1.34213948888018e-06 1.34213948888018e-06 1.34213948888018e-06
"TREGO" 84 0.92789091806333 0.0078551248531471 0.000291769977479372 1.94394240926599e-05 2.6779210404726e-07 2.14961004108005e-07 2.14961004108005e-07 2.14961004108005e-07 2.14961004108005e-07 2.14961004108005e-07 2.14961004108005e-07
"EGO" 84 0.92789091806333 0.000700529160607477 0.000125432851117324 0.000125432851117324 0.000125432851117324 3.52994936458906e-05 3.52994936458906e-05 3.52994936458906e-05 3.52994936458906e-05 3.52994936458906e-05 3.52994936458906e-05
"RSO" 84 0.92789091806333 0.000700533112912183 0.000112486165342318 4.64372371666855e-07 4.64372371666855e-07 4.64372371666855e-07 4.64372371666855e-07 4.64372371666855e-07 4.64372371666855e-07 4.64372371666855e-07 4.64372371666855e-07
"TREGO" 85 0.607597482304091 0.0129444756202077 0.000486608963336188 1.27388065087608e-05 5.00594834296209e-06 2.54209719496856e-07 2.54209719496856e-07 2.16385539264508e-07 2.16385539264508e-07 2.16385539264508e-07 2.1596770682919e-07
"EGO" 85 0.607597482304091 0.029200879870845 0.000110515187725202 0.000110515187725202 7.40007112520757e-06 7.40007112520757e-06 7.40007112520757e-06 7.40007112520757e-06 7.40007112520757e-06 7.40007112520757e-06 7.40007112520757e-06
"RSO" 85 0.607597482304091 0.0129445432228765 1.00600831549613e-05 7.5228526639215e-06 7.5228526639215e-06 7.5228526639215e-06 7.5228526639215e-06 7.5228526639215e-06 7.5228526639215e-06 7.5228526639215e-06 7.5228526639215e-06
"TREGO" 86 1.1218043637943 0.148172005371456 0.00144478362587686 0.000104149483510785 0.000104149483510785 1.67095085679136e-06 1.67095085679136e-06 2.68591991314793e-07 2.68591991314793e-07 2.60378764771474e-07 2.18522262063203e-07
"EGO" 86 1.1218043637943 0.148170203487753 0.00339622960009223 4.0017781364643e-05 4.0017781364643e-05 4.0017781364643e-05 4.0017781364643e-05 4.0017781364643e-05 4.0017781364643e-05 4.0017781364643e-05 4.0017781364643e-05
"RSO" 86 1.1218043637943 0.148172093095589 0.00140626451652626 9.97135460467646e-05 1.09114476876115e-06 1.09114476876115e-06 1.09114476876115e-06 1.09114476876115e-06 1.09114476876115e-06 1.09114476876115e-06 1.09114476876115e-06
"TREGO" 87 0.859293432939119 0.00264464288216582 0.000258305818893856 7.78251167066202e-07 7.78251167066202e-07 2.91696951926212e-07 2.5689982541266e-07 2.13210470612069e-07 2.13210470612069e-07 2.13210470612069e-07 2.13210470612069e-07
"EGO" 87 0.859293432939119 0.00264465169483197 0.000286422030203681 4.22231015928531e-07 4.22231015928531e-07 4.22231015928531e-07 4.22231015928531e-07 4.22231015928531e-07 4.22231015928531e-07 4.22231015928531e-07 4.22231015928531e-07
"RSO" 87 0.859293432939119 0.00264463570257956 0.000258157538709725 3.47351267748763e-07 3.47351267748763e-07 3.47351267748763e-07 3.47351267748763e-07 3.47351267748763e-07 3.47351267748763e-07 3.47351267748763e-07 3.47351267748763e-07
"TREGO" 88 1.10621819720254 0.00871281333737661 0.000177242383542442 0.000177242383542442 1.93796667735668e-06 2.44740642862951e-07 2.34871786464197e-07 2.34871786464197e-07 2.34871786464197e-07 2.24596371278807e-07 2.24278652538601e-07
"EGO" 88 1.10621819720254 0.00871281027382764 0.000177468704880557 0.000177468704880557 0.000177468704880557 0.000177468704880557 0.000177468704880557 0.000177468704880557 3.05872992756306e-06 3.05872992756306e-06 3.05872992756306e-06
"RSO" 88 1.10621819720254 0.00871268138436943 0.000177366931076062 2.87063619008876e-06 2.87063619008876e-06 2.87063619008876e-06 2.87063619008876e-06 2.87063619008876e-06 2.87063619008876e-06 2.87063619008876e-06 2.87063619008876e-06
"TREGO" 89 0.168679635622036 0.00792583684198167 0.000156969059127654 3.44686350484125e-06 3.44686350484125e-06 3.44686350484125e-06 6.30809813273459e-07 6.30809813273459e-07 6.30809813273459e-07 6.30809813273459e-07 2.14506759910194e-07
"EGO" 89 0.168679635622036 0.00792584216871406 0.000291707617645631 0.000291707617645631 0.000291707617645631 0.000291707617645631 0.000291707617645631 0.000291707617645631 0.000291707617645631 0.000291707617645631 0.000291707617645631
"RSO" 89 0.168679635622036 0.00792581223508737 7.90036574072062e-05 6.80331313729354e-06 6.80331313729354e-06 6.80331313729354e-06 6.80331313729354e-06 6.80331313729354e-06 6.80331313729354e-06 6.80331313729354e-06 6.80331313729354e-06
"TREGO" 90 0.28405891915436 0.009403676618569 3.21457262701941e-05 3.21457262701941e-05 3.21457262701941e-05 3.21457262701941e-05 2.38564483279191e-07 2.38564483279191e-07 2.17893075582509e-07 2.17893075582509e-07 2.17893075582509e-07
"EGO" 90 0.28405891915436 0.00940345878630122 0.000317133268931791 0.000317133268931791 0.000317133268931791 0.000317133268931791 0.000317133268931791 0.000317133268931791 0.000317133268931791 0.000317133268931791 0.000317133268931791
"RSO" 90 0.28405891915436 0.00940365953948508 3.22620739869883e-05 5.12007999997621e-07 5.12007999997621e-07 5.12007999997621e-07 5.12007999997621e-07 5.12007999997621e-07 5.12007999997621e-07 5.12007999997621e-07 5.12007999997621e-07
"TREGO" 91 0.0221584207528989 0.00276548120173192 0.000108165664172155 4.0124600575453e-07 4.0124600575453e-07 4.0124600575453e-07 4.0124600575453e-07 2.4778172313944e-07 2.12747616856745e-07 2.12747616856745e-07 2.12747616856745e-07
"EGO" 91 0.0221584207528989 0.0027642217268955 0.00162641380413309 6.2329777121839e-06 6.2329777121839e-06 6.2329777121839e-06 6.2329777121839e-06 6.2329777121839e-06 6.2329777121839e-06 6.2329777121839e-06 6.2329777121839e-06
"RSO" 91 0.0221584207528989 0.00463969807598374 2.06599654264394e-05 3.41351939159296e-07 3.41351939159296e-07 3.41351939159296e-07 3.41351939159296e-07 3.41351939159296e-07 3.41351939159296e-07 3.41351939159296e-07 3.41351939159296e-07
"TREGO" 92 0.401108398613858 0.0145403103308985 0.000447132962847263 0.000447132962847263 5.88947230095727e-07 2.21697582514224e-07 2.21697582514224e-07 2.21697582514224e-07 2.19673851997726e-07 2.19339621132519e-07 2.19339621132519e-07
"EGO" 92 0.401108398613858 0.0145400065901753 0.000393447261626712 0.000393447261626712 0.000393447261626712 0.000393447261626712 0.000393447261626712 0.000393447261626712 0.000393447261626712 0.000393447261626712 0.000393447261626712
"RSO" 92 0.401108398613858 0.0145400441261327 0.000393297990925578 2.10442163264268e-05 2.3935594217761e-07 2.3935594217761e-07 2.3935594217761e-07 2.3935594217761e-07 2.3935594217761e-07 2.3935594217761e-07 2.3935594217761e-07
"TREGO" 93 1.60471539653513 0.000951088933147215 0.000381265499808325 5.09935916821469e-05 5.09935916821469e-05 4.53480892392832e-07 3.01574622607603e-07 3.01574622607603e-07 2.26693259719468e-07 2.13127854031825e-07 2.13127854031825e-07
"EGO" 93 1.60471539653513 0.000951111416794603 0.000440901558159013 1.62862061228175e-05 1.62862061228175e-05 1.62862061228175e-05 1.62862061228175e-05 1.62862061228175e-05 1.62862061228175e-05 1.62862061228175e-05 1.62862061228175e-05
"RSO" 93 1.60471539653513 0.000951188121850688 0.000381186641260189 3.67397191878283e-05 2.91429708365598e-07 2.91429708365598e-07 2.91429708365598e-07 2.91429708365598e-07 2.91429708365598e-07 2.91429708365598e-07 2.91429708365598e-07
"TREGO" 94 0.186646511507236 0.00157852252338531 0.00157852252338531 0.000530486488217186 0.000530486488217186 3.6345355303169e-07 3.6345355303169e-07 2.66536253956673e-07 2.38203217151067e-07 2.20688391561197e-07 2.18429208942439e-07
"EGO" 94 0.186646511507236 0.00157856970875114 0.00157856970875114 0.000530462215437399 0.000530462215437399 0.000530462215437399 0.000530462215437399 3.69387668452958e-07 3.69387668452958e-07 3.69387668452958e-07 3.69387668452958e-07
"RSO" 94 0.186646511507236 0.00157850058919484 0.000875937625108847 6.00702019548649e-06 3.21350891052674e-06 3.21350891052674e-06 3.21350891052674e-06 3.21350891052674e-06 3.21350891052674e-06 3.21350891052674e-06 3.21350891052674e-06
"TREGO" 95 1.36310931386143 0.0304205013063163 0.00454809270489509 5.9230420326184e-05 5.9230420326184e-05 5.9230420326184e-05 1.72024267364179e-06 2.17273826930153e-07 2.12837233615204e-07 2.12778429098393e-07 2.12778429098393e-07
"EGO" 95 1.36310931386143 0.0304199056604295 0.00454828916636396 2.82351399847336e-05 2.82351399847336e-05 2.82351399847336e-05 2.82351399847336e-05 2.82351399847336e-05 2.82351399847336e-05 2.82351399847336e-05 2.82351399847336e-05
"RSO" 95 1.36310931386143 0.0304226171614115 0.0020198271757792 3.94563136829618e-07 3.94563136829618e-07 3.94563136829618e-07 3.94563136829618e-07 3.94563136829618e-07 3.94563136829618e-07 3.94563136829618e-07 3.94563136829618e-07
"TREGO" 96 0.840931928757269 0.0797761514621298 0.00440927864854457 8.16001603429761e-05 8.16001603429761e-05 5.18626710199754e-06 2.41017055202519e-07 2.27688569331974e-07 2.27688569331974e-07 2.27688569331974e-07 2.27688569331974e-07
"EGO" 96 0.840931928757269 0.0799280229981898 0.00113344404559568 0.000195576610839687 9.23131455721204e-07 9.23131455721204e-07 9.23131455721204e-07 9.23131455721204e-07 9.23131455721204e-07 9.23131455721204e-07 9.23131455721204e-07
"RSO" 96 0.840931928757269 0.0799310631586048 0.00959136255825177 7.28206381417351e-07 7.28206381417351e-07 7.28206381417351e-07 7.28206381417351e-07 7.28206381417351e-07 7.28206381417351e-07 7.28206381417351e-07 7.28206381417351e-07
"TREGO" 97 0.205897300440336 0.00226127107987528 7.33199722917632e-05 2.31131974985921e-05 2.31131974985921e-05 2.31131974985921e-05 3.18868484061596e-07 2.31272985651287e-07 2.31272985651287e-07 2.31272985651287e-07 2.31272985651287e-07
"EGO" 97 0.205897300440336 0.00226198678386735 7.33176138543179e-05 7.33176138543179e-05 7.33176138543179e-05 7.33176138543179e-05 7.33176138543179e-05 2.34815813060507e-06 2.34815813060507e-06 2.34815813060507e-06 2.34815813060507e-06
"RSO" 97 0.205897300440336 0.00226196670247392 5.19835926704459e-06 5.19835926704459e-06 5.19835926704459e-06 5.19835926704459e-06 5.19835926704459e-06 5.19835926704459e-06 5.19835926704459e-06 5.19835926704459e-06 5.19835926704459e-06
"TREGO" 98 0.626269874519324 0.0278064862561926 0.000261581740349293 4.45310937320365e-05 4.45310937320365e-05 4.45310937320365e-05 4.45310937320365e-05 2.164372450153e-07 2.164372450153e-07 2.164372450153e-07 2.164372450153e-07
"EGO" 98 0.626269874519324 0.0278063913899946 0.000261586416696158 8.01600354520815e-05 8.01600354520815e-05 8.01600354520815e-05 8.01600354520815e-05 8.01600354520815e-05 8.01600354520815e-05 8.01600354520815e-05 8.01600354520815e-05
"RSO" 98 0.626269874519324 0.0278058435626884 0.000279750585688188 5.58056737931523e-06 5.10373083351112e-07 5.10373083351112e-07 5.10373083351112e-07 5.10373083351112e-07 5.10373083351112e-07 5.10373083351112e-07 5.10373083351112e-07
"TREGO" 99 1.21135475661641 0.00341957886259348 9.08830567558638e-05 9.08830567558638e-05 5.98720848898893e-07 2.94307163528629e-07 2.32274266487309e-07 2.32094536922745e-07 2.32094536922745e-07 2.32094536922745e-07 2.32094536922745e-07
"EGO" 99 1.21135475661641 0.00168030711815925 5.98683181425308e-05 5.98683181425308e-05 5.98683181425308e-05 5.98683181425308e-05 5.98683181425308e-05 5.98683181425308e-05 5.98683181425308e-05 5.98683181425308e-05 5.98683181425308e-05
"RSO" 99 1.21135475661641 0.0250649771015028 1.63386784306496e-05 8.10113682803149e-07 8.10113682803149e-07 8.10113682803149e-07 8.10113682803149e-07 8.10113682803149e-07 8.10113682803149e-07 8.10113682803149e-07 8.10113682803149e-07
"TREGO" 100 1.24466361274401 0.00416777218039277 0.000520867370206624 1.24433835813065e-06 1.24433835813065e-06 3.47130697520015e-07 2.34245806307598e-07 2.34245806307598e-07 2.32394496535449e-07 2.28795432377638e-07 2.26650546775176e-07
"EGO" 100 1.24466361274401 0.00416774460753633 0.000108056273270929 0.000108056273270929 0.000108056273270929 1.40714822487453e-05 1.40714822487453e-05 1.40714822487453e-05 1.40714822487453e-05 1.40714822487453e-05 1.40714822487453e-05
"RSO" 100 1.24466361274401 0.0420127236400054 0.000529362657041954 7.82961924983283e-06 5.11143670500758e-07 5.11143670500758e-07 5.11143670500758e-07 5.11143670500758e-07 5.11143670500758e-07 5.11143670500758e-07 5.11143670500758e-07
