RSO 1 0.05477758 0.005108603 8.287998e-07 8.287998e-07 8.287998e-07 8.287998e-07 8.287998e-07 8.287998e-07 8.287998e-07 8.287998e-07 8.287998e-07 8.287998e-07 8.287998e-07 8.287998e-07 8.287998e-07 8.287998e-07 8.287998e-07 8.287998e-07 
EGO 1 0.05477758 0.005108655 0.0008041092 0.0008041092 7.972237e-05 7.972237e-05 7.972237e-05 7.972237e-05 7.972237e-05 7.972237e-05 7.972237e-05 7.972237e-05 7.972237e-05 7.972237e-05 7.972237e-05 7.972237e-05 7.972237e-05 7.972237e-05 
TREGO 1 0.05477758 0.005108675 6.311715e-05 6.311715e-05 6.311715e-05 1.688173e-06 1.688173e-06 4.575838e-07 2.45583e-07 2.132068e-07 2.132068e-07 2.132068e-07 2.132068e-07 2.132068e-07 2.132068e-07 2.132068e-07 2.132068e-07 2.132068e-07 
RSO 2 0.1424605 0.01292366 6.289778e-05 2.628523e-06 2.628523e-06 2.628523e-06 2.628523e-06 2.628523e-06 2.628523e-06 2.628523e-06 2.628523e-06 2.628523e-06 2.628523e-06 2.628523e-06 2.628523e-06 2.628523e-06 2.628523e-06 2.628523e-06 
EGO 2 0.1424605 0.009159073 0.001723386 0.001723386 7.854458e-06 7.854458e-06 7.854458e-06 7.854458e-06 7.854458e-06 7.854458e-06 7.854458e-06 7.854458e-06 7.854458e-06 7.854458e-06 7.854458e-06 7.854458e-06 7.854458e-06 7.854458e-06 
TREGO 2 0.1424605 0.01292353 9.181163e-05 9.181163e-05 9.181163e-05 9.181163e-05 9.181163e-05 5.260063e-07 2.177083e-07 2.177083e-07 2.177083e-07 2.131781e-07 2.129245e-07 2.129245e-07 2.129245e-07 2.129245e-07 2.129245e-07 2.129245e-07 
RSO 3 0.5108647 0.009791435 0.0002024746 1.482927e-06 3.462106e-07 3.462106e-07 3.462106e-07 3.462106e-07 3.462106e-07 3.462106e-07 3.462106e-07 3.462106e-07 3.462106e-07 3.462106e-07 3.462106e-07 3.462106e-07 3.462106e-07 3.462106e-07 
EGO 3 0.5108647 0.009791427 0.0002028506 0.0002028506 0.0002028506 2.10478e-06 2.10478e-06 2.10478e-06 2.10478e-06 2.10478e-06 2.10478e-06 2.10478e-06 2.10478e-06 2.10478e-06 2.10478e-06 2.10478e-06 2.10478e-06 2.10478e-06 
TREGO 3 0.5108647 0.009791373 0.0002024932 0.0002024932 2.183448e-06 2.183448e-06 6.493191e-07 2.215751e-07 2.191124e-07 2.149841e-07 2.146849e-07 2.146849e-07 2.146849e-07 2.137767e-07 2.137767e-07 2.135176e-07 2.131935e-07 2.131935e-07 
RSO 4 0.5131925 0.03624416 0.0002801218 1.116526e-06 1.116526e-06 1.116526e-06 1.116526e-06 1.116526e-06 1.116526e-06 1.116526e-06 1.116526e-06 1.116526e-06 1.116526e-06 1.116526e-06 1.116526e-06 1.116526e-06 1.116526e-06 1.116526e-06 
EGO 4 0.5131925 0.0362438 0.0003126001 4.118073e-05 4.118073e-05 4.118073e-05 4.118073e-05 4.118073e-05 4.118073e-05 4.118073e-05 4.118073e-05 4.118073e-05 4.118073e-05 4.118073e-05 4.118073e-05 4.118073e-05 4.118073e-05 4.118073e-05 
TREGO 4 0.5131925 0.03440326 0.0003365948 0.0003365948 5.370393e-06 5.370393e-06 5.370393e-06 3.405944e-07 2.978793e-07 2.477118e-07 2.130888e-07 2.129713e-07 2.129713e-07 2.129046e-07 2.128499e-07 2.128414e-07 2.128414e-07 2.128414e-07 
RSO 5 1.217597 0.01406131 1.490367e-05 3.246515e-07 3.246515e-07 3.246515e-07 3.246515e-07 3.246515e-07 3.246515e-07 3.246515e-07 3.246515e-07 3.246515e-07 3.246515e-07 3.246515e-07 3.246515e-07 3.246515e-07 3.246515e-07 3.246515e-07 
