################################################################################
# nsteps: 5
# rho: 0.3
# Lower Bound: (0.015625, 0.01)
# Upper Bound: (8, 100)
# Budget: 100
RSO 1 0.1864007 0.1864007 0.1795865 0.1795865 0.171656 0.171656 0.171656 0.171656 0.171656 0.171656 0.171656 0.171656 0.171656 0.171656 0.171656 0.171656 0.171656 
EGO 1 0.1864007 0.1823529 0.1823529 0.1823529 0.1823529 0.1823529 0.17947 0.17947 0.1755776 0.1755776 0.1715686 0.1715686 0.1715686 0.1715686 0.1715686 0.1715686 0.1715686 
TREGO 1 0.1864007 0.1775675 0.1775675 0.1775675 0.1695787 0.1695787 0.1695787 0.1695787 0.1695787 0.1695787 0.1695787 0.1695787 0.1695787 0.1695787 0.1695787 0.1695787 0.1695787 
RSO 2 0.1785381 0.1785381 0.1784993 0.1784993 0.1784993 0.1784993 0.1775383 0.1726946 0.1726946 0.1726946 0.1726946 0.1726946 0.1726946 0.1726946 0.1726946 0.1726946 0.1726946 
EGO 2 0.1785381 0.1755193 0.1755193 0.1746263 0.17351 0.17351 0.17351 0.17351 0.17351 0.17351 0.17351 0.17351 0.17351 0.17351 0.17351 0.17351 0.17351 
TREGO 2 0.1785381 0.1785381 0.1785381 0.1785381 0.1785381 0.1785381 0.1785381 0.1785381 0.1785381 0.1705785 0.1705785 0.1705785 0.1705785 0.1705785 0.1705785 0.1705785 0.1705785 
RSO 3 0.1843428 0.1755096 0.1755096 0.1755096 0.1755096 0.1716657 0.1716657 0.1716657 0.1716657 0.1716657 0.1716657 0.1716657 0.1716657 0.1716657 0.1716657 0.1716657 0.1716657 
EGO 3 0.1843428 0.1843428 0.1843428 0.1843428 0.1843428 0.175529 0.175529 0.175529 0.1754708 0.1705688 0.1705688 0.1705688 0.1705688 0.1705688 0.1705688 0.1705688 0.1705688 
TREGO 3 0.1843428 0.1824597 0.1824597 0.177451 0.177451 0.177451 0.177451 0.177451 0.177451 0.177451 0.177451 0.177451 0.177451 0.177451 0.177451 0.177451 0.1755581 
RSO 4 0.1844108 0.1844108 0.1844108 0.1774801 0.1774801 0.1745389 0.1745389 0.1745389 0.1745389 0.1745389 0.1745389 0.1745389 0.1745389 0.1696273 0.1696273 0.1696273 0.1696273 
EGO 4 0.1844108 0.174568 0.174568 0.174568 0.174568 0.174568 0.174568 0.174568 0.174568 0.174568 0.174568 0.174568 0.1726364 0.1726364 0.1726364 0.1726364 0.170695 
TREGO 4 0.1844108 0.1794603 0.1794603 0.1794603 0.1794603 0.1776742 0.171588 0.171588 0.171588 0.171588 0.171588 0.171588 0.1706368 0.1706368 0.1706368 0.1706368 0.1706368 
RSO 5 0.1863425 0.1755679 0.1755679 0.1755679 0.1755679 0.1755679 0.1755679 0.1755679 0.1755679 0.1755679 0.1755679 0.1755193 0.1755193 0.1755193 0.1755193 0.1755193 0.1755193 
EGO 5 0.1863425 0.1804892 0.1794894 0.1794894 0.1794894 0.177616 0.177616 0.177616 0.177616 0.177616 0.1696661 0.1696661 0.1696661 0.1696661 0.1696661 0.1696661 0.1696661 
TREGO 5 0.1863425 0.176655 0.1764026 0.1764026 0.1764026 0.1735779 0.1735779 0.1735779 0.1735779 0.1735779 0.1735779 0.1735779 0.1735779 0.1735779 0.1735779 0.1735779 0.1735779 
RSO 6 0.1854106 0.1745486 0.1745486 0.1745098 0.1745098 0.1725393 0.1725393 0.1725393 0.1725393 0.1725393 0.1725393 0.1725393 0.1725393 0.1725393 0.1725393 0.1725393 0.1725393 
EGO 6 0.1854106 0.1804601 0.1804601 0.1795768 0.1795768 0.1795185 0.1785867 0.1785867 0.1775189 0.1775189 0.1775189 0.1775189 0.1774219 0.1774219 0.1756552 0.1756552 0.1756552 
TREGO 6 0.1854106 0.1755193 0.1755193 0.1755193 0.1755193 0.1755193 0.1755193 0.1755193 0.1755193 0.1755193 0.172617 0.172617 0.172617 0.172617 0.172617 0.172617 0.172617 
RSO 7 0.1765385 0.1765385 0.1765385 0.1765385 0.1765385 0.1736071 0.1736071 0.1736071 0.1736071 0.1736071 0.1736071 0.1736071 0.1736071 0.1735877 0.1735877 0.1735877 0.1735877 
EGO 7 0.1765385 0.1765385 0.1765385 0.1765385 0.1765385 0.1765385 0.1765385 0.1765385 0.1765385 0.1765385 0.1765385 0.1765385 0.1765385 0.1765385 0.1765385 0.1765385 0.1765385 
TREGO 7 0.1765385 0.1765385 0.1765385 0.1765385 0.1765385 0.1765385 0.1765385 0.1765385 0.1765385 0.1765385 0.1764415 0.1764415 0.1746554 0.1746554 0.1746554 0.1746554 0.1746554 
RSO 8 0.1785284 0.1775189 0.1764123 0.1764123 0.1764123 0.1764123 0.1764123 0.1764123 0.1764123 0.1764123 0.1764123 0.1696273 0.1696273 0.1696273 0.1696273 0.1696273 0.1696273 
EGO 8 0.1785284 0.1785284 0.1755581 0.1755581 0.17351 0.17351 0.17351 0.17351 0.17351 0.17351 0.17351 0.17351 0.17351 0.1734323 0.1734323 0.1696175 0.1696175 
TREGO 8 0.1785284 0.1785284 0.174568 0.174568 0.174568 0.174568 0.174568 0.174568 0.1735488 0.1735488 0.1735488 0.1735488 0.1735488 0.1735488 0.1735488 0.1735488 0.1735488 
RSO 9 0.1804601 0.1785479 0.1785479 0.1785479 0.1785479 0.1785479 0.1785479 0.1785479 0.1785479 0.1745195 0.1745195 0.1745195 0.1745195 0.1745195 0.1745195 0.1745195 0.1724617 
EGO 9 0.1804601 0.1783731 0.1783731 0.1783731 0.1783731 0.1783731 0.1764221 0.1764221 0.1764221 0.1764221 0.1764221 0.1764221 0.1745583 0.1745583 0.1745583 0.1745583 0.1745583 
TREGO 9 0.1804601 0.1804601 0.1804601 0.1804601 0.177451 0.177451 0.177451 0.177451 0.1725878 0.1715783 0.1676665 0.1676665 0.1676665 0.1676665 0.1676665 0.1676665 0.1676665 
RSO 10 0.1844399 0.1775675 0.1775675 0.1775675 0.1775675 0.1744904 0.1744904 0.1744904 0.1744904 0.1744904 0.1744904 0.1744904 0.1744904 0.1744904 0.1744904 0.1744904 0.1744904 
EGO 10 0.1844399 0.1844399 0.1814502 0.1804601 0.1755387 0.1716172 0.1716172 0.1716172 0.1716172 0.1716172 0.1716172 0.1716172 0.1716172 0.1716172 0.1695399 0.1695399 0.1695399 
TREGO 10 0.1844399 0.1834789 0.1834789 0.1824015 0.1755096 0.1755096 0.1755096 0.1755096 0.1755096 0.1755096 0.1755096 0.1716366 0.1716366 0.1716366 0.1716366 0.1716366 0.1716366 
RSO 11 0.1715298 0.1715298 0.1715298 0.1715298 0.1715298 0.1715298 0.1715298 0.1715298 0.1715298 0.1715298 0.1715298 0.1715298 0.1715298 0.1715298 0.1715298 0.1715298 0.1715298 
EGO 11 0.1715298 0.1715298 0.1715298 0.1715298 0.1715298 0.1715298 0.1715298 0.1715298 0.1715298 0.1715298 0.1715298 0.1715298 0.1715298 0.1715298 0.1715298 0.1715298 0.1715298 
TREGO 11 0.1715298 0.1715298 0.1715298 0.1715298 0.1715298 0.1715298 0.1715298 0.1715298 0.1715298 0.1715298 0.1715298 0.1715298 0.1715298 0.1715298 0.1715298 0.1715298 0.1715298 
RSO 12 0.1882741 0.1882741 0.1855174 0.1775286 0.1775286 0.1775286 0.1775286 0.1775286 0.1775286 0.1775286 0.1775286 0.1775286 0.1774995 0.1774995 0.1774995 0.1774995 0.1774995 
EGO 12 0.1882741 0.1882741 0.1834595 0.1726267 0.1726267 0.1726267 0.1726267 0.1726267 0.1726267 0.1726267 0.1726267 0.1726267 0.1726267 0.1726267 0.1726267 0.1726267 0.1726267 
TREGO 12 0.1882741 0.1794021 0.1794021 0.1774995 0.1774995 0.1774995 0.1774995 0.175529 0.175529 0.175529 0.175529 0.175529 0.175529 0.175529 0.175529 0.175529 0.175529 
RSO 13 0.1844399 0.1804892 0.1804892 0.1804213 0.1804213 0.1775869 0.1775869 0.1775869 0.1775869 0.1775869 0.1775869 0.1775869 0.1775869 0.1775869 0.1775869 0.1775869 0.1775869 
EGO 13 0.1844399 0.1844399 0.1775578 0.1775578 0.1775578 0.1775578 0.1775578 0.1775578 0.175597 0.175597 0.175597 0.175597 0.175597 0.175597 0.175597 0.175597 0.175597 
TREGO 13 0.1844399 0.1784314 0.1784314 0.1745583 0.1745583 0.1745583 0.1745583 0.1745583 0.1745583 0.1745583 0.1745583 0.1745583 0.171656 0.171656 0.171656 0.171656 0.171656 
RSO 14 0.1805086 0.1804601 0.1804601 0.1804601 0.1745098 0.1745098 0.1745098 0.1745098 0.1745098 0.1745098 0.1745098 0.1745098 0.1745098 0.1745098 0.1745098 0.1745098 0.1745098 
EGO 14 0.1805086 0.1805086 0.1805086 0.1764512 0.1764512 0.1716269 0.1716269 0.1716269 0.1716269 0.1716269 0.1716269 0.1716269 0.1716269 0.1716269 0.1716269 0.1716269 0.1716269 
TREGO 14 0.1805086 0.179538 0.179538 0.179538 0.1794797 0.1794797 0.1794797 0.1794506 0.1794506 0.1735294 0.1735294 0.1735294 0.1735294 0.1735294 0.1735294 0.1735294 0.1735294 
RSO 15 0.1706659 0.1706659 0.1706659 0.1706659 0.1706659 0.1706659 0.1706659 0.1706659 0.1706659 0.1706659 0.1706659 0.1706659 0.1706659 0.1706659 0.1706659 0.1706659 0.1706659 
EGO 15 0.1706659 0.1706659 0.1706659 0.1706659 0.1706659 0.1706659 0.1706659 0.1706659 0.1706659 0.1706659 0.1706659 0.1706659 0.1706659 0.1706659 0.1706659 0.1706659 0.1706659 
TREGO 15 0.1706659 0.1706659 0.1706659 0.1706659 0.1706659 0.1706659 0.1706659 0.1706659 0.1706659 0.1706659 0.1706659 0.1706659 0.1706659 0.1706659 0.1706659 0.1706659 0.1706659 
RSO 16 0.1765288 0.1765288 0.1765288 0.1765288 0.1765288 0.1765288 0.1765288 0.1765288 0.1765288 0.1765288 0.1765288 0.1765288 0.1765288 0.1765288 0.1765288 0.1765288 0.1765288 
EGO 16 0.1765288 0.172617 0.172617 0.172617 0.172617 0.172617 0.172617 0.172617 0.172617 0.172617 0.172617 0.172617 0.172617 0.172617 0.1725976 0.1725976 0.1725976 
TREGO 16 0.1765288 0.1715783 0.1715783 0.1715783 0.1715783 0.1715783 0.1715783 0.1715783 0.1715783 0.1715783 0.1715783 0.1715783 0.1715783 0.1656183 0.1656183 0.1656183 0.1656183 
RSO 17 0.1824209 0.1803727 0.1705203 0.1705203 0.1705203 0.1705203 0.1705203 0.1705203 0.1705203 0.1705203 0.1705203 0.1705203 0.1705203 0.1705203 0.1705203 0.1705203 0.1705203 
EGO 17 0.1824209 0.1755581 0.1755581 0.1755581 0.1755581 0.1755581 0.1755581 0.1755581 0.1746651 0.1746651 0.1746651 0.1746651 0.1746651 0.1746651 0.1745389 0.1745389 0.1745389 
TREGO 17 0.1824209 0.1764609 0.1764609 0.1755096 0.1755096 0.1735585 0.1735585 0.1735585 0.1735585 0.1735585 0.1735585 0.1735585 0.1735585 0.1735585 0.1735585 0.1735585 0.1735585 
RSO 18 0.1785576 0.1785576 0.1785576 0.1785576 0.1785576 0.1785576 0.1726849 0.1726849 0.1726849 0.1726849 0.1726849 0.1726849 0.1726849 0.1726849 0.1726849 0.1726849 0.1726849 
EGO 18 0.1785576 0.1785576 0.1774704 0.1774704 0.1716172 0.1716172 0.1716172 0.1716172 0.1716172 0.1716172 0.1716172 0.1716172 0.1716172 0.170695 0.170695 0.170695 0.170695 
TREGO 18 0.1785576 0.1745098 0.1745098 0.1745098 0.1745098 0.1745098 0.1745098 0.1745098 0.1745098 0.1686663 0.1686663 0.1686663 0.1686663 0.1686663 0.1686663 0.1686663 0.1686663 
RSO 19 0.178509 0.1755096 0.1755096 0.1755096 0.1755096 0.1755096 0.1755096 0.1755096 0.1755096 0.1755096 0.1755096 0.1755096 0.1755096 0.1755096 0.1755096 0.1755096 0.1755096 
EGO 19 0.178509 0.178509 0.178509 0.178509 0.178509 0.1774898 0.1774898 0.1774898 0.1774801 0.1754999 0.1754999 0.1754999 0.1754999 0.1754999 0.1754999 0.1754999 0.1754999 
TREGO 19 0.178509 0.178509 0.178509 0.178509 0.1765191 0.1765191 0.1765191 0.1765191 0.1765191 0.1765191 0.1764318 0.1764318 0.1764318 0.1764318 0.1764318 0.1764318 0.1764318 
RSO 20 0.1804795 0.1725878 0.1725878 0.1725878 0.1725878 0.1725878 0.1725878 0.1725878 0.1725878 0.1725878 0.1725878 0.1725878 0.1725878 0.1725878 0.1725878 0.1725878 0.1725878 
EGO 20 0.1804795 0.1746069 0.1746069 0.1746069 0.1746069 0.1746069 0.1746069 0.1746069 0.1746069 0.1734906 0.1734906 0.1734906 0.1734906 0.1734906 0.1734906 0.1734906 0.1734906 
TREGO 20 0.1804795 0.1804795 0.1794991 0.1785867 0.1785867 0.1785867 0.1784799 0.1784411 0.1784411 0.1755873 0.1755873 0.1755776 0.1755776 0.1754999 0.1754999 0.1715201 0.1715201 
RSO 21 0.1814599 0.1814599 0.1814599 0.1774607 0.1774607 0.1774607 0.1774607 0.1774122 0.1774122 0.1774122 0.1774122 0.1774122 0.1774122 0.1774122 0.1774122 0.1774122 0.1774122 
EGO 21 0.1814599 0.1795574 0.1756164 0.1756164 0.1756164 0.1756164 0.1756164 0.1756164 0.1756164 0.1756164 0.1756164 0.1756164 0.1756164 0.1756164 0.1756164 0.1756164 0.1756164 
TREGO 21 0.1814599 0.1814599 0.178509 0.1745583 0.1745583 0.1745583 0.1725005 0.1725005 0.1725005 0.1724325 0.1724325 0.1724325 0.1724325 0.1724325 0.1724325 0.1724325 0.1724325 
RSO 22 0.1835275 0.1754125 0.1754125 0.1754125 0.1735779 0.1735779 0.1735779 0.1735779 0.1735779 0.1735779 0.1735779 0.17351 0.17351 0.17351 0.17351 0.17351 0.17351 
EGO 22 0.1835275 0.1835275 0.180363 0.180363 0.180363 0.180363 0.1735488 0.1735488 0.1735488 0.1735488 0.1735488 0.1735488 0.1735488 0.1735488 0.1735488 0.1735488 0.1735488 
TREGO 22 0.1835275 0.1784314 0.1784314 0.1784314 0.1784314 0.1765482 0.1765482 0.1765482 0.1765482 0.1765482 0.1765482 0.1755387 0.1755387 0.1755387 0.1695593 0.1695593 0.1695593 
RSO 23 0.1864007 0.1843623 0.1815376 0.1815376 0.168676 0.168676 0.168676 0.168676 0.168676 0.168676 0.168676 0.168676 0.168676 0.168676 0.168676 0.168676 0.168676 
EGO 23 0.1864007 0.1667152 0.1667152 0.1667152 0.1667152 0.1667152 0.1667152 0.1667152 0.1667152 0.1667152 0.1667152 0.1667152 0.1667152 0.1667152 0.1667152 0.1667152 0.1667152 
TREGO 23 0.1864007 0.1745001 0.1745001 0.1745001 0.1745001 0.1745001 0.1745001 0.1726073 0.1726073 0.1726073 0.1726073 0.1726073 0.1726073 0.1726073 0.1726073 0.1726073 0.1726073 
RSO 24 0.1775383 0.1775383 0.1736071 0.1736071 0.1736071 0.1736071 0.1736071 0.1736071 0.1736071 0.1716366 0.1716366 0.1716366 0.1716366 0.1716366 0.1716366 0.1716366 0.1716366 
EGO 24 0.1775383 0.1775383 0.1775383 0.1766259 0.1766259 0.1765191 0.1765191 0.1735197 0.1735197 0.1735197 0.1735197 0.1735197 0.1735197 0.1735197 0.1735197 0.1735197 0.1735197 
TREGO 24 0.1775383 0.1775383 0.1775383 0.1775383 0.1775383 0.1745972 0.1725878 0.1725878 0.1725878 0.1725878 0.1725878 0.1725878 0.1725878 0.1725878 0.1725878 0.1725878 0.1725878 
RSO 25 0.1675888 0.1675888 0.1675888 0.1675888 0.1675888 0.1675888 0.1675888 0.1675888 0.1675888 0.1675888 0.1675888 0.1675888 0.1675888 0.1675888 0.1675888 0.1675888 0.1675888 
EGO 25 0.1675888 0.1675888 0.1675888 0.1675888 0.1675888 0.1675888 0.1675888 0.1675888 0.1675888 0.1675888 0.1675888 0.1675888 0.1675888 0.1675888 0.1675888 0.1675888 0.1675888 
TREGO 25 0.1675888 0.1675888 0.1675888 0.1675888 0.1675888 0.1675888 0.1675888 0.1675888 0.1675888 0.1675888 0.1675888 0.1675888 0.1675888 0.1675888 0.1675888 0.1675888 0.1675888 
RSO 26 0.1745583 0.1725296 0.1725296 0.1725296 0.1725296 0.1725296 0.1725296 0.1716269 0.1716269 0.1716269 0.1716269 0.1716269 0.1716269 0.1716269 0.1716269 0.1716269 0.1716269 
EGO 26 0.1745583 0.1745583 0.1745583 0.1745583 0.1745583 0.1745583 0.1745583 0.1745583 0.1745583 0.1745583 0.1745583 0.17351 0.17351 0.17351 0.17351 0.17351 0.17351 
TREGO 26 0.1745583 0.1745583 0.1745583 0.1745583 0.1745583 0.1745583 0.1745583 0.1745583 0.1745583 0.1745583 0.1745583 0.1745583 0.1745583 0.1745583 0.1745583 0.1745583 0.1715589 
RSO 27 0.1775578 0.1775578 0.1775578 0.1775578 0.1775578 0.1765191 0.1765191 0.1765191 0.1765191 0.1765191 0.1765191 0.1765191 0.1765191 0.1765191 0.1755096 0.1755096 0.1755096 
EGO 27 0.1775578 0.1775578 0.1764706 0.1736071 0.1736071 0.1736071 0.1706465 0.1706465 0.1706465 0.1706465 0.1706465 0.1706465 0.1706465 0.1706465 0.1706465 0.1706465 0.1706465 
TREGO 27 0.1775578 0.1775578 0.1775578 0.1775092 0.1744904 0.1736556 0.1736556 0.1736556 0.1686275 0.1686275 0.1686275 0.1686275 0.1686275 0.1686275 0.1686275 0.1686275 0.1686275 
RSO 28 0.1796059 0.1756261 0.1756261 0.1756261 0.1756261 0.1756261 0.1756261 0.1754805 0.1754805 0.1754805 0.1754805 0.1754805 0.1754805 0.1754805 0.1745486 0.1744419 0.1744419 
EGO 28 0.1796059 0.1796059 0.1796059 0.1796059 0.1765385 0.1765385 0.1765385 0.1745292 0.1745292 0.1745292 0.1745292 0.1745292 0.1745292 0.1745292 0.1745292 0.1745292 0.1745292 
TREGO 28 0.1796059 0.1775189 0.1775189 0.1775189 0.1715686 0.1715686 0.1715686 0.1656474 0.1656474 0.1656474 0.1656474 0.1656474 0.1656474 0.1656474 0.1656474 0.1656474 0.1656474 
RSO 29 0.1775578 0.1775578 0.1775578 0.1775578 0.1775578 0.1775578 0.1775578 0.1775578 0.1775578 0.1775578 0.1775578 0.1755873 0.1745098 0.1745098 0.1745098 0.1745098 0.1745098 
EGO 29 0.1775578 0.1775578 0.1764997 0.1764997 0.1764997 0.1764997 0.1764997 0.1764997 0.1764997 0.1764997 0.1764997 0.1764997 0.1764997 0.1764997 0.1764997 0.1764997 0.1764997 
TREGO 29 0.1775578 0.1775578 0.1775578 0.1775578 0.175529 0.175529 0.175529 0.175529 0.175529 0.175529 0.175529 0.175529 0.175529 0.175529 0.175529 0.175529 0.175529 
RSO 30 0.1814793 0.1814793 0.1765774 0.1754902 0.1754902 0.1754902 0.1754902 0.17351 0.17351 0.17351 0.17351 0.17351 0.17351 0.17351 0.17351 0.17351 0.1647156 
EGO 30 0.1814793 0.1813337 0.1813337 0.179538 0.179538 0.179538 0.1765288 0.1765288 0.1765288 0.1765288 0.1765288 0.175597 0.175597 0.175597 0.175597 0.175597 0.1755776 
TREGO 30 0.1814793 0.1814793 0.1745486 0.1745486 0.1745486 0.1745486 0.1745486 0.1745486 0.1745486 0.1745486 0.1745486 0.1745486 0.1745486 0.172452 0.172452 0.172452 0.172452 
RSO 31 0.1802466 0.1802466 0.1802466 0.1802466 0.1794118 0.1735003 0.1735003 0.1735003 0.1735003 0.1735003 0.1735003 0.1735003 0.1735003 0.1735003 0.1735003 0.1735003 0.1735003 
EGO 31 0.1802466 0.1785479 0.1785479 0.1785479 0.1785479 0.1785479 0.1746457 0.1695787 0.1695787 0.1695787 0.1695787 0.1695787 0.1695787 0.1695787 0.1695787 0.1695787 0.1695787 
TREGO 31 0.1802466 0.1802466 0.1802466 0.1802466 0.1774413 0.1774413 0.1774413 0.1774413 0.1774413 0.1774413 0.1774413 0.1774413 0.1774413 0.1774413 0.1774413 0.1774413 0.1774413 
RSO 32 0.1764512 0.1764512 0.1764512 0.1764512 0.1764512 0.1725878 0.1725878 0.1725878 0.1725878 0.1725878 0.1725878 0.1725878 0.1725878 0.1725878 0.1725878 0.1725878 0.1725878 
EGO 32 0.1764512 0.1764512 0.1764512 0.1745486 0.1745486 0.1745486 0.1745486 0.1745486 0.1745486 0.1745486 0.1745486 0.1745486 0.1745486 0.1745486 0.1745486 0.1745486 0.1745486 
TREGO 32 0.1764512 0.1764512 0.1764512 0.1764512 0.1764512 0.1764512 0.1764512 0.1745389 0.1745389 0.1745389 0.1745389 0.169637 0.169637 0.169637 0.169637 0.169637 0.169637 
RSO 33 0.1834304 0.183411 0.183411 0.183411 0.1804407 0.1804407 0.1804407 0.1804407 0.1804407 0.1774995 0.1774995 0.1715686 0.1715686 0.1715686 0.1715686 0.1715686 0.1715686 
EGO 33 0.1834304 0.1804892 0.1803825 0.1775578 0.1775578 0.16755 0.16755 0.16755 0.16755 0.16755 0.16755 0.16755 0.16755 0.16755 0.16755 0.16755 0.16755 
TREGO 33 0.1834304 0.1824985 0.1824985 0.1794797 0.1764123 0.1764123 0.1764123 0.1735197 0.1735197 0.1735197 0.1735197 0.1735197 0.1735197 0.1735197 0.1735197 0.1735197 0.1735197 
RSO 34 0.1814696 0.1804795 0.1804795 0.1765871 0.1755096 0.1755096 0.1755096 0.1755096 0.1755096 0.1755096 0.1755096 0.1755096 0.1755096 0.1755096 0.1755096 0.1755096 0.1755096 
EGO 34 0.1814696 0.1794603 0.1785576 0.1785576 0.1785576 0.1785576 0.1745292 0.1745292 0.1745292 0.1745292 0.1745292 0.1745292 0.1745292 0.1745292 0.1745292 0.1705882 0.1705882 
TREGO 34 0.1814696 0.1814696 0.1784896 0.1764706 0.1764706 0.1764706 0.1764706 0.1764706 0.1764706 0.1745098 0.1745098 0.1725587 0.1725587 0.1725587 0.1647059 0.1647059 0.1647059 
RSO 35 0.1776645 0.1776645 0.1776645 0.1776645 0.1696175 0.1696175 0.1696175 0.1696175 0.1696175 0.1696175 0.1696175 0.1696175 0.1696175 0.1696175 0.1696175 0.1696175 0.1696175 
EGO 35 0.1776645 0.1766356 0.1766356 0.1766356 0.1766356 0.1766356 0.1766356 0.1766356 0.1766356 0.1766356 0.1766356 0.1766356 0.1766356 0.172714 0.172714 0.172714 0.172714 
TREGO 35 0.1776645 0.1776645 0.1776645 0.1776645 0.1755776 0.1755776 0.1755776 0.1755387 0.1755387 0.1755387 0.1755387 0.1736362 0.1736362 0.1736362 0.1736362 0.1736362 0.1716172 
RSO 36 0.1804504 0.1804504 0.1804504 0.1735974 0.1735974 0.1735974 0.1735974 0.1735974 0.1735974 0.1735974 0.1735974 0.1735974 0.1735974 0.1735974 0.1735974 0.1735974 0.1735974 
EGO 36 0.1804504 0.1804504 0.1765094 0.1765094 0.1765094 0.1765094 0.1755873 0.1755873 0.1755873 0.1755873 0.1755873 0.1755873 0.1755873 0.1755873 0.1755873 0.1755873 0.1755873 
TREGO 36 0.1804504 0.1804504 0.1745389 0.1745389 0.1745389 0.1745389 0.1745389 0.1745389 0.1745389 0.1745389 0.1745389 0.1745389 0.1745389 0.1735682 0.1735682 0.1735682 0.1725393 
RSO 37 0.1813823 0.1764803 0.1764803 0.1764803 0.1764803 0.1764803 0.1764803 0.1716269 0.1716269 0.1716269 0.1716269 0.1716269 0.1716269 0.1716269 0.1716269 0.1716269 0.1716269 
EGO 37 0.1813823 0.1813823 0.1813823 0.1755581 0.1755581 0.1755581 0.1755581 0.1755581 0.1755581 0.1755581 0.1755581 0.1755581 0.1755581 0.1755581 0.1754611 0.1754611 0.1754611 
TREGO 37 0.1813823 0.17351 0.17351 0.17351 0.17351 0.17351 0.17351 0.17351 0.17351 0.17351 0.17351 0.17351 0.17351 0.17351 0.17351 0.1715395 0.1715395 
RSO 38 0.1715686 0.1715686 0.1715686 0.1715686 0.1715686 0.1715686 0.1714716 0.1714716 0.1714716 0.1714716 0.1714716 0.1714716 0.1714716 0.1714716 0.1714716 0.1714716 0.1714716 
EGO 38 0.1715686 0.1715686 0.1715686 0.1715686 0.1715686 0.1715686 0.1715686 0.1715686 0.1715686 0.1715686 0.1715686 0.1715686 0.1715686 0.1715686 0.1715686 0.1715686 0.1715686 
TREGO 38 0.1715686 0.1715686 0.1715686 0.1715686 0.1715686 0.1715686 0.1715686 0.1715686 0.1715686 0.1715686 0.1715686 0.1715686 0.1715686 0.1715686 0.1715686 0.169637 0.169637 
RSO 39 0.1804892 0.177451 0.177451 0.177451 0.177451 0.177451 0.177451 0.177451 0.177451 0.1745583 0.1745583 0.1745583 0.1725684 0.1725684 0.1725684 0.1725684 0.1725684 
EGO 39 0.1804892 0.1804892 0.1804892 0.1804892 0.1745389 0.1724422 0.1724422 0.1724422 0.1724422 0.1724422 0.1724422 0.1724422 0.1724422 0.1724422 0.1724422 0.1724422 0.1724422 
TREGO 39 0.1804892 0.1726558 0.1726558 0.1726558 0.1726558 0.1726558 0.1715201 0.17053 0.17053 0.17053 0.17053 0.17053 0.17053 0.17053 0.17053 0.17053 0.17053 
RSO 40 0.1824888 0.1824888 0.1824888 0.1824888 0.1824888 0.1824888 0.1806057 0.1784993 0.1715492 0.1696467 0.1696467 0.1696467 0.1696467 0.1696467 0.1696467 0.1696467 0.1696467 
EGO 40 0.1824888 0.1794797 0.1765482 0.1765482 0.1765482 0.1765482 0.1765482 0.1765482 0.1754611 0.1754611 0.1715977 0.1715977 0.1715977 0.1715977 0.1715977 0.1715977 0.1715977 
TREGO 40 0.1824888 0.1774898 0.1774898 0.1706368 0.1706368 0.1706368 0.1706368 0.1706368 0.1706368 0.1706368 0.1706368 0.1706368 0.165628 0.165628 0.165628 0.165628 0.165628 
RSO 41 0.1696758 0.1696758 0.1696758 0.1696758 0.1696758 0.1696758 0.1696758 0.1696758 0.1696758 0.1696758 0.1696758 0.1696758 0.1696758 0.1696758 0.1696758 0.1696758 0.1696758 
EGO 41 0.1696758 0.1696758 0.1696758 0.1696758 0.1696758 0.1696758 0.1696758 0.1696758 0.1696758 0.1696758 0.1696758 0.1696758 0.1696758 0.1696758 0.1696758 0.1696758 0.1696758 
TREGO 41 0.1696758 0.1696758 0.1696758 0.1696758 0.1696758 0.1696758 0.1696758 0.1696758 0.1696758 0.1696758 0.1666278 0.1666278 0.1666278 0.1666278 0.1666278 0.1666278 0.1666278 
RSO 42 0.1825277 0.1794603 0.1794603 0.1794603 0.1794603 0.1685886 0.1685886 0.1685886 0.1685886 0.1685886 0.1685886 0.1685886 0.1685886 0.1685886 0.1685886 0.1685886 0.1685886 
EGO 42 0.1825277 0.1805378 0.1805378 0.1755776 0.1755776 0.1755776 0.1755776 0.1755776 0.1755776 0.1755776 0.1755776 0.1755776 0.1755776 0.1755776 0.1647447 0.1647447 0.1647447 
TREGO 42 0.1825277 0.1815182 0.1814017 0.1774801 0.1774801 0.1774801 0.1765288 0.1765288 0.1765288 0.1735779 0.1735779 0.1726558 0.1726558 0.1726558 0.1726558 0.1726558 0.1726558 
RSO 43 0.1882741 0.1843914 0.1794118 0.1794118 0.1786449 0.1786449 0.1786449 0.1785187 0.1785187 0.1774995 0.1774995 0.1706271 0.1706271 0.1706271 0.1706271 0.1706271 0.1706271 
EGO 43 0.1882741 0.1882741 0.1882741 0.1825568 0.1825568 0.1814696 0.1785187 0.1785187 0.1736847 0.1736847 0.1736847 0.1736847 0.1736847 0.1736847 0.1736847 0.1736847 0.1736847 
TREGO 43 0.1882741 0.1882741 0.1873423 0.1795282 0.1794215 0.1794215 0.1715686 0.1715686 0.1715686 0.1715686 0.1715686 0.1715686 0.1715686 0.1715686 0.1715686 0.1715686 0.1715686 
RSO 44 0.1794603 0.1794603 0.175529 0.175529 0.175529 0.175529 0.1754417 0.1754417 0.1754417 0.1754417 0.1754417 0.1754417 0.1754417 0.1754417 0.1754417 0.1754417 0.1754417 
EGO 44 0.1794603 0.1794603 0.1794603 0.1794603 0.1794603 0.1754708 0.1754708 0.1754708 0.1754708 0.1725102 0.1725102 0.1725102 0.1725102 0.1725102 0.1725102 0.1725102 0.1725102 
TREGO 44 0.1794603 0.1794603 0.1794603 0.1794603 0.1736556 0.1736556 0.1736556 0.1736556 0.1736556 0.1736556 0.1736556 0.1736556 0.1736556 0.1736556 0.1736556 0.1736556 0.1736168 
RSO 45 0.1776063 0.1776063 0.1755873 0.1755873 0.1755873 0.1755873 0.171588 0.171588 0.171588 0.171588 0.171588 0.171588 0.171588 0.171588 0.171588 0.171588 0.171588 
EGO 45 0.1776063 0.1776063 0.1776063 0.1776063 0.1776063 0.1776063 0.1776063 0.1776063 0.1725684 0.1725684 0.1725684 0.1725684 0.1725684 0.1725684 0.1725684 0.1725684 0.1725684 
TREGO 45 0.1776063 0.1766938 0.1766938 0.172549 0.172549 0.172549 0.172549 0.172549 0.172549 0.172549 0.172549 0.172549 0.172549 0.172549 0.172549 0.172549 0.172549 
RSO 46 0.1765482 0.1765482 0.1765482 0.1765482 0.1765482 0.1765482 0.1716366 0.1716366 0.1716366 0.1716366 0.1716366 0.1716366 0.1716366 0.1716366 0.1716366 0.1716366 0.1716366 
EGO 46 0.1765482 0.1765482 0.1765482 0.1765482 0.1765482 0.1765482 0.1765482 0.1765482 0.1765482 0.1706756 0.1706756 0.1706756 0.1706756 0.1706756 0.1706756 0.1706756 0.1706756 
TREGO 46 0.1765482 0.1765482 0.1765482 0.1765482 0.1765482 0.1765482 0.1765482 0.1765482 0.1765482 0.1765482 0.1765482 0.171588 0.171588 0.171588 0.171588 0.171588 0.171588 
RSO 47 0.1735003 0.1735003 0.1735003 0.1735003 0.1735003 0.1735003 0.1735003 0.1735003 0.1735003 0.1735003 0.1735003 0.1735003 0.1735003 0.1735003 0.1735003 0.1735003 0.1735003 
EGO 47 0.1735003 0.1735003 0.1735003 0.1735003 0.1735003 0.1735003 0.1735003 0.1735003 0.1735003 0.1735003 0.1735003 0.1735003 0.1735003 0.1735003 0.1735003 0.1735003 0.1735003 
TREGO 47 0.1735003 0.1735003 0.1735003 0.1735003 0.1735003 0.1735003 0.1735003 0.1735003 0.1735003 0.1735003 0.1646379 0.1646379 0.1646379 0.1646379 0.1646379 0.1646379 0.1646379 
RSO 48 0.1795865 0.1795865 0.1795865 0.1795865 0.1765191 0.1765191 0.1765191 0.1765191 0.1765191 0.1765191 0.1765191 0.1735779 0.1735779 0.1735779 0.1735779 0.1735779 0.1735779 
EGO 48 0.1795865 0.1795865 0.1724714 0.1724714 0.1724714 0.1724714 0.1724714 0.1724714 0.1716172 0.1716172 0.1716172 0.1716172 0.1716172 0.1716172 0.1716172 0.1716172 0.1716172 
TREGO 48 0.1795865 0.1795865 0.1795865 0.1794894 0.1794894 0.1794894 0.1785284 0.1775286 0.1755873 0.1755873 0.1755873 0.1754514 0.1754514 0.1754514 0.1696175 0.1696175 0.1696175 
RSO 49 0.1764997 0.1764997 0.1764706 0.1764706 0.1764706 0.1725976 0.1725976 0.1725976 0.1725976 0.1705979 0.1705979 0.1705979 0.1705979 0.1705979 0.1705979 0.1705979 0.1705979 
EGO 49 0.1764997 0.1736459 0.1736459 0.1736459 0.1736459 0.1736459 0.1736459 0.1736459 0.1736459 0.1736459 0.1736459 0.1736459 0.1736459 0.1736459 0.1736459 0.1736459 0.1736459 
TREGO 49 0.1764997 0.1755387 0.1706174 0.1706174 0.1706174 0.1706174 0.1706174 0.1706174 0.1706174 0.1706174 0.1706174 0.1706174 0.1706174 0.1706174 0.1706174 0.1706174 0.1706174 
RSO 50 0.1804892 0.1804892 0.174471 0.174471 0.174471 0.174471 0.174471 0.174471 0.174471 0.174471 0.174471 0.174471 0.174471 0.174471 0.174471 0.174471 0.174471 
EGO 50 0.1804892 0.1804892 0.1804892 0.1804019 0.1804019 0.1804019 0.1804019 0.1774995 0.1774995 0.1774995 0.1774995 0.1753446 0.1753446 0.1706174 0.1706174 0.1706174 0.1706174 
TREGO 50 0.1804892 0.1804892 0.1804892 0.1795185 0.1795185 0.1795185 0.1795185 0.1795185 0.1706174 0.1706174 0.1706174 0.1706174 0.1706174 0.1706174 0.1706174 0.1706174 0.1706174 
RSO 51 0.1804407 0.1804407 0.174568 0.174568 0.174568 0.174568 0.174568 0.174568 0.1695205 0.1695205 0.1695205 0.1695205 0.1695205 0.1695205 0.1695205 0.1695205 0.1695205 
EGO 51 0.1804407 0.1804407 0.1714813 0.1714813 0.1714813 0.1714813 0.1714813 0.1714813 0.1714813 0.1714813 0.1714813 0.1714813 0.1714813 0.1714813 0.1714813 0.1714813 0.1714813 
TREGO 51 0.1804407 0.1804407 0.1804407 0.1775869 0.1775869 0.1775869 0.1775869 0.1755193 0.1754902 0.1754902 0.1754902 0.1754902 0.1754902 0.1754902 0.1754902 0.1754902 0.1754902 
RSO 52 0.1784411 0.1784411 0.1715783 0.1715783 0.1715783 0.1715783 0.1715783 0.1715783 0.1715783 0.1715783 0.1715783 0.1715783 0.1715783 0.1715783 0.1715686 0.1715686 0.1715686 
EGO 52 0.1784411 0.1784411 0.1784411 0.1784411 0.1784411 0.1764706 0.1764706 0.1764706 0.1764706 0.1764706 0.1764706 0.1764706 0.1764706 0.1764706 0.1764706 0.1764706 0.1764706 
TREGO 52 0.1784411 0.1784411 0.1784411 0.1755581 0.1676859 0.1676859 0.1676859 0.1676859 0.1676859 0.1676859 0.1676859 0.1676859 0.1676859 0.1676859 0.1676859 0.1676859 0.1676859 
RSO 53 0.1814599 0.1764512 0.1764512 0.1764512 0.1764512 0.1764512 0.1764512 0.1764512 0.1764512 0.1764512 0.1764512 0.1764512 0.1764512 0.1753931 0.1716851 0.1716851 0.1716851 
EGO 53 0.1814599 0.1814599 0.1814599 0.1814599 0.1814599 0.1814599 0.1814599 0.1795185 0.1795185 0.1734809 0.1734809 0.1734809 0.1734809 0.1734809 0.1734809 0.1734809 0.1734809 
TREGO 53 0.1814599 0.1814599 0.1814599 0.1814599 0.1814599 0.1794603 0.1775092 0.1775092 0.1766841 0.1766841 0.1766841 0.1766841 0.1766841 0.1766841 0.1766841 0.1766841 0.1715977 
RSO 54 0.1794894 0.1794894 0.1794894 0.1794894 0.1764512 0.1735585 0.1735585 0.1735585 0.1735585 0.1735585 0.1735585 0.1735585 0.1735585 0.1735585 0.1735585 0.1735585 0.1735585 
EGO 54 0.1794894 0.1745778 0.1745778 0.1745778 0.1745778 0.1745778 0.1745778 0.1745778 0.1745778 0.1745778 0.1745778 0.172617 0.172617 0.172617 0.172617 0.172617 0.172617 
TREGO 54 0.1794894 0.1775286 0.1775286 0.1764123 0.1764123 0.1725296 0.1705882 0.1705882 0.1705882 0.1705882 0.1705882 0.1705882 0.1705882 0.1705882 0.1705882 0.1705882 0.1705882 
RSO 55 0.1814405 0.1814405 0.1803922 0.1775383 0.1775383 0.1745486 0.171588 0.171588 0.171588 0.171588 0.171588 0.171588 0.171588 0.171588 0.171588 0.171588 0.171588 
EGO 55 0.1814405 0.1814405 0.1814405 0.1814405 0.1814405 0.1814405 0.1814405 0.1656863 0.1656863 0.1656863 0.1656863 0.1656863 0.1656863 0.1656863 0.1656863 0.1656863 0.1656863 
TREGO 55 0.1814405 0.1814405 0.1754514 0.1754514 0.1754514 0.1754514 0.1754514 0.1754514 0.1754514 0.1754514 0.1754514 0.1754514 0.1754514 0.1754514 0.1735197 0.1735197 0.1735197 
RSO 56 0.1745778 0.1745778 0.1735585 0.1735585 0.1735585 0.1735585 0.1735585 0.1735585 0.1735585 0.1735585 0.1735585 0.1735585 0.1735585 0.1735585 0.1735585 0.1735585 0.1735585 
EGO 56 0.1745778 0.1745778 0.1745778 0.1745778 0.1745778 0.1745778 0.1745778 0.1745778 0.1745778 0.1745778 0.1745778 0.1745778 0.1745778 0.1745778 0.1745778 0.1745778 0.1745778 
TREGO 56 0.1745778 0.1745778 0.1745778 0.1745778 0.1745778 0.1745778 0.1745778 0.1745778 0.1745778 0.1745778 0.1745778 0.1745778 0.1745778 0.1745778 0.1745778 0.1745778 0.1745778 
RSO 57 0.1854203 0.1794603 0.1794603 0.1794603 0.1765774 0.1765774 0.1765774 0.1765774 0.1765774 0.1765774 0.1765774 0.1744807 0.1744807 0.1744807 0.1744807 0.1744807 0.1716463 
EGO 57 0.1854203 0.1804698 0.1755193 0.1755193 0.1755193 0.1755193 0.1755193 0.17351 0.17351 0.17351 0.17351 0.1667152 0.1667152 0.1667152 0.1667152 0.1667152 0.1667152 
TREGO 57 0.1854203 0.1832945 0.180431 0.180431 0.180431 0.180431 0.180431 0.180431 0.180431 0.1794894 0.1794894 0.1794894 0.1794797 0.1794797 0.1794797 0.1765871 0.1765871 
RSO 58 0.1884683 0.1883421 0.1814211 0.1805572 0.1725781 0.1725781 0.1725781 0.1725781 0.1725781 0.1725781 0.1725781 0.1725781 0.1725781 0.1725781 0.1725781 0.1725781 0.1725781 
EGO 58 0.1884683 0.1814114 0.1814114 0.1804601 0.1804601 0.1618035 0.1618035 0.1618035 0.1618035 0.1618035 0.1618035 0.1618035 0.1618035 0.1618035 0.1618035 0.1618035 0.1618035 
TREGO 58 0.1884683 0.1853427 0.181489 0.181489 0.1765482 0.1765482 0.1765482 0.1765482 0.1765482 0.1765482 0.1764609 0.1764609 0.1764609 0.1764609 0.1764609 0.1764609 0.1764609 
RSO 59 0.1784993 0.1784993 0.1765385 0.1765385 0.175529 0.175529 0.175529 0.175529 0.175529 0.175529 0.175529 0.175529 0.175529 0.175529 0.1725684 0.1725684 0.1725684 
EGO 59 0.1784993 0.1784993 0.1784993 0.1784993 0.1774801 0.1774801 0.1774801 0.1774801 0.1774801 0.1774801 0.1774801 0.1774801 0.174568 0.174568 0.174568 0.174568 0.1725976 
TREGO 59 0.1784993 0.1765094 0.1765094 0.1657639 0.1657639 0.1657639 0.1657639 0.1657639 0.1657639 0.1657639 0.1657639 0.1657639 0.1657639 0.1657639 0.1657639 0.1657639 0.1657639 
RSO 60 0.1775286 0.1775286 0.1775286 0.1775286 0.1775286 0.1775286 0.1775286 0.1775286 0.1775286 0.1705882 0.1705882 0.1705882 0.1705882 0.1705882 0.1705882 0.1685983 0.1685983 
EGO 60 0.1775286 0.1775286 0.1754222 0.1716172 0.1716172 0.1716172 0.1716172 0.1716172 0.1716172 0.1716172 0.1716172 0.1716172 0.1716172 0.1716172 0.1716172 0.1716172 0.1716172 
TREGO 60 0.1775286 0.1775286 0.1775286 0.1775286 0.1775286 0.1775286 0.1775286 0.1755873 0.1755873 0.1755873 0.1755873 0.1755873 0.1755387 0.1755387 0.1755387 0.1755387 0.1755387 
RSO 61 0.1824209 0.1824209 0.1774413 0.1774413 0.1765774 0.1754999 0.1754999 0.1754999 0.1754999 0.1754999 0.1754999 0.1754999 0.1754999 0.1754999 0.1736556 0.1736556 0.1736556 
EGO 61 0.1824209 0.1775092 0.1775092 0.1715201 0.1715201 0.1715201 0.1715201 0.1715201 0.1715201 0.1715201 0.1715201 0.1715201 0.1715201 0.1715201 0.1715201 0.1715201 0.1715201 
TREGO 61 0.1824209 0.1824209 0.1785381 0.177548 0.177548 0.177548 0.177548 0.177548 0.177548 0.1765288 0.1765288 0.1745583 0.1745583 0.1745583 0.1745583 0.1745583 0.1745583 
RSO 62 0.1853815 0.1796059 0.1796059 0.1796059 0.1796059 0.1784896 0.1756358 0.1726267 0.1726267 0.1726267 0.1726267 0.1706271 0.1706271 0.1706271 0.1706271 0.1706271 0.1706271 
EGO 62 0.1853815 0.1853815 0.1843817 0.1843817 0.1824888 0.1824888 0.1823918 0.1785187 0.1785187 0.1775092 0.1775092 0.1775092 0.1775092 0.1775092 0.1774024 0.1725878 0.1725878 
TREGO 62 0.1853815 0.1843623 0.1824985 0.1696855 0.1696855 0.1696855 0.1696855 0.1696855 0.1696855 0.1696855 0.1696855 0.1696855 0.1696855 0.1696855 0.1696855 0.1696855 0.1696855 
RSO 63 0.186391 0.18543 0.175432 0.175432 0.175432 0.175432 0.175432 0.175432 0.175432 0.175432 0.175432 0.175432 0.175432 0.175432 0.175432 0.175432 0.175432 
EGO 63 0.186391 0.1765871 0.1765871 0.1685886 0.1685886 0.1685886 0.1685886 0.1685886 0.1685886 0.1685886 0.1685886 0.1685886 0.1685886 0.1685886 0.1685886 0.1685886 0.1685886 
TREGO 63 0.186391 0.1794603 0.1736168 0.1736168 0.1734712 0.1734712 0.1734712 0.1734712 0.1696758 0.1696758 0.1696758 0.1696758 0.1696758 0.1696758 0.1696758 0.1696758 0.1696758 
RSO 64 0.1755776 0.1755776 0.1755484 0.1745098 0.1745098 0.1745098 0.1745098 0.1745098 0.1745098 0.1745098 0.1745098 0.1745098 0.1745098 0.1745098 0.1745098 0.1745098 0.1745098 
EGO 64 0.1755776 0.1755776 0.1755776 0.1716172 0.1716172 0.1716172 0.1716172 0.1716172 0.1716172 0.1706174 0.1706174 0.1706174 0.1706174 0.1706174 0.1706174 0.1706174 0.1706174 
TREGO 64 0.1755776 0.1706174 0.1706174 0.1706174 0.1706174 0.1706174 0.1706174 0.1706174 0.1706174 0.1706174 0.1706174 0.1706174 0.1706174 0.1706174 0.1706076 0.1706076 0.1706076 
RSO 65 0.1834498 0.1834498 0.1823529 0.1763347 0.1736265 0.1736265 0.1736265 0.1736265 0.1736265 0.1736265 0.1736265 0.1736265 0.1736265 0.1736265 0.1736265 0.1736265 0.168676 
EGO 65 0.1834498 0.1765579 0.1765579 0.1765579 0.1705979 0.1705979 0.1705979 0.1705979 0.1705979 0.1705979 0.1705979 0.1705979 0.1705979 0.1705979 0.1705979 0.1705979 0.1705979 
TREGO 65 0.1834498 0.1834498 0.1832751 0.1832751 0.1832751 0.1824694 0.1647253 0.1647253 0.1646768 0.1646768 0.1646768 0.1646768 0.1646768 0.1646768 0.1646768 0.1646768 0.1646768 
RSO 66 0.1842458 0.1715686 0.1715686 0.1715686 0.1715686 0.1715686 0.1715686 0.1715686 0.1715686 0.1715686 0.1715686 0.1715686 0.1715686 0.1715686 0.1715686 0.1715686 0.1715686 
EGO 66 0.1842458 0.1805669 0.1805669 0.1805669 0.1805669 0.1805669 0.1793147 0.1793147 0.1705979 0.1705979 0.1705979 0.1705979 0.1705979 0.1705979 0.1705979 0.1705979 0.1705979 
TREGO 66 0.1842458 0.1805086 0.1775966 0.1775966 0.1775966 0.1775966 0.1775966 0.1756358 0.1746166 0.1746166 0.1746166 0.1746166 0.1746166 0.1746166 0.1746166 0.1746166 0.1746166 
RSO 67 0.1814405 0.1814405 0.1814308 0.1814308 0.1814308 0.1814308 0.17947 0.17947 0.17947 0.17947 0.17947 0.17947 0.17947 0.17947 0.1736168 0.1736168 0.1736168 
EGO 67 0.1814405 0.1745195 0.172549 0.1716754 0.1716754 0.1716754 0.1716754 0.1716754 0.1716754 0.1716754 0.1715298 0.1715298 0.1715298 0.1715298 0.1715298 0.1715298 0.1715298 
TREGO 67 0.1814405 0.1814405 0.1756164 0.172549 0.172549 0.172549 0.172549 0.172549 0.172549 0.1706659 0.1706659 0.1706659 0.1706659 0.1706659 0.1706659 0.1706659 0.1706659 
RSO 68 0.1764706 0.174568 0.174568 0.174568 0.174568 0.174568 0.1705785 0.1705785 0.1666764 0.1666764 0.1666764 0.1666764 0.1666764 0.1666764 0.1666764 0.1666764 0.1666764 
EGO 68 0.1764706 0.1764706 0.1647544 0.1647544 0.1647544 0.1647544 0.1647544 0.1647544 0.1647544 0.1647544 0.1647544 0.1647544 0.1647544 0.1647544 0.1647544 0.1647544 0.1647544 
TREGO 68 0.1764706 0.1764706 0.1764706 0.1764706 0.1764706 0.1764706 0.1764706 0.1755679 0.1666278 0.1666278 0.1666278 0.1666278 0.1666278 0.1666278 0.1666278 0.1666278 0.1666278 
RSO 69 0.1803825 0.1803825 0.1803825 0.1803825 0.1803825 0.1803825 0.1755096 0.1755096 0.1755096 0.1744904 0.1744904 0.1744904 0.1744904 0.1744904 0.1744904 0.1744904 0.1744904 
EGO 69 0.1803825 0.1803825 0.1794797 0.1794797 0.1716269 0.1716269 0.1715977 0.1715977 0.1715977 0.1715977 0.1715977 0.1715977 0.1715977 0.1715977 0.1715977 0.1715977 0.1715977 
TREGO 69 0.1803825 0.1803825 0.1785187 0.1775578 0.1775578 0.1775189 0.1775189 0.1775189 0.1775189 0.1775189 0.1765094 0.1765094 0.1765094 0.1765094 0.169637 0.169637 0.169637 
RSO 70 0.1775578 0.1775578 0.1775578 0.1735391 0.1735391 0.1735391 0.1735391 0.1716657 0.1716657 0.1716657 0.1716657 0.1716657 0.1716657 0.1716657 0.1716657 0.1716657 0.1716657 
EGO 70 0.1775578 0.1775578 0.1775578 0.1775578 0.1735294 0.1735294 0.1735294 0.1735294 0.1735294 0.1735294 0.1725684 0.1725684 0.1725684 0.1725684 0.1725684 0.1725684 0.1725684 
TREGO 70 0.1775578 0.1775578 0.1775578 0.1774704 0.1774704 0.1744419 0.1744419 0.1744419 0.1744419 0.1735682 0.1735682 0.1735682 0.1735682 0.1735682 0.1735682 0.1735682 0.1735682 
RSO 71 0.1803825 0.1784508 0.1784508 0.1784508 0.1784411 0.1774122 0.1745972 0.1745972 0.1745972 0.1745972 0.1745972 0.1745972 0.1745292 0.1745292 0.1745292 0.1745292 0.1666181 
EGO 71 0.1803825 0.1803825 0.1803825 0.1803825 0.1795768 0.1795768 0.175529 0.175529 0.1726558 0.1726558 0.1726558 0.1726558 0.1726558 0.1715783 0.1715783 0.1715783 0.1715783 
TREGO 71 0.1803825 0.1803825 0.1736459 0.1736459 0.1736459 0.1736459 0.1736459 0.1736459 0.1736459 0.1736459 0.1736459 0.1736459 0.1736459 0.1736459 0.1736459 0.1736459 0.1736459 
RSO 72 0.1864686 0.1814696 0.1755581 0.1755581 0.1755581 0.1755581 0.1755581 0.1755484 0.1755484 0.1755484 0.1755484 0.1755484 0.1755484 0.172549 0.172549 0.172549 0.172549 
EGO 72 0.1864686 0.1833916 0.1715298 0.1715298 0.1715298 0.1715298 0.1715298 0.1715298 0.1715298 0.1715298 0.1715298 0.1715298 0.1715298 0.1715298 0.1715298 0.1715298 0.1715298 
TREGO 72 0.1864686 0.1815084 0.1765774 0.1765774 0.1765774 0.1765774 0.1765774 0.1765774 0.1765774 0.1765774 0.1765774 0.1765774 0.1765774 0.1765774 0.1765774 0.1765774 0.1765774 
RSO 73 0.1725878 0.1725878 0.1725878 0.1725878 0.1725878 0.1725878 0.1725878 0.1725878 0.1725878 0.1725878 0.1725878 0.1725878 0.1725878 0.1725878 0.1725878 0.1725878 0.1725878 
EGO 73 0.1725878 0.1725878 0.1725878 0.1725878 0.1725878 0.1725878 0.1725878 0.1725878 0.1725878 0.1725878 0.1725878 0.1725878 0.1725878 0.1725878 0.1725878 0.1725878 0.1725878 
TREGO 73 0.1725878 0.1725878 0.1725878 0.1725878 0.1725878 0.1725878 0.1725878 0.1725878 0.1725878 0.1725878 0.1725878 0.1725878 0.1725878 0.1725878 0.1725781 0.1725781 0.1725781 
RSO 74 0.1814987 0.1814987 0.1795185 0.1754999 0.1754999 0.1754999 0.1754999 0.1754999 0.1754999 0.1754999 0.1754805 0.1754805 0.1754805 0.1754805 0.1754805 0.1754805 0.1754805 
EGO 74 0.1814987 0.1814987 0.174568 0.174568 0.174568 0.174568 0.174568 0.174568 0.174568 0.174568 0.174568 0.174568 0.174568 0.174568 0.174568 0.1745486 0.1745486 
TREGO 74 0.1814987 0.1814987 0.1814987 0.1805669 0.1784314 0.1784314 0.1784314 0.1735003 0.172549 0.172549 0.172549 0.172549 0.172549 0.172549 0.172549 0.172549 0.172549 
RSO 75 0.1784799 0.1784799 0.1784799 0.1784799 0.1784799 0.1784799 0.1784799 0.1784799 0.1784799 0.1784799 0.1775383 0.1775383 0.1775383 0.1746069 0.1746069 0.1746069 0.1746069 
EGO 75 0.1784799 0.1784799 0.1745195 0.1745195 0.1745195 0.1745195 0.1745195 0.1745195 0.1745195 0.1745195 0.1745195 0.1745195 0.1745195 0.1745195 0.1745195 0.1745195 0.1745195 
TREGO 75 0.1784799 0.1784702 0.1784702 0.1784702 0.1784702 0.1755873 0.1755873 0.1755873 0.1755873 0.1755873 0.1755873 0.1755873 0.1715977 0.1715977 0.1715977 0.1715977 0.1715977 
RSO 76 0.1834595 0.1735391 0.1735391 0.1735391 0.1735391 0.1735391 0.1735391 0.1735391 0.1735391 0.1735391 0.1735391 0.1735391 0.1735391 0.1735391 0.1735391 0.1735391 0.1735391 
EGO 76 0.1834595 0.1823918 0.1814793 0.1814793 0.1754902 0.1754902 0.1754902 0.1754902 0.1754902 0.1754902 0.1754902 0.1754902 0.1725296 0.1725296 0.1725296 0.1725296 0.1725296 
TREGO 76 0.1834595 0.1834595 0.1834595 0.1834595 0.1805669 0.1765871 0.1765871 0.1745486 0.1745486 0.1745486 0.1745486 0.1745486 0.1745486 0.1745486 0.1745486 0.1716366 0.1716366 
RSO 77 0.1784993 0.1755873 0.1755873 0.1755873 0.1755873 0.1755873 0.1755873 0.1755873 0.1725199 0.1725199 0.1725199 0.1725199 0.1725199 0.1716269 0.1716269 0.1716269 0.1716269 
EGO 77 0.1784993 0.1784993 0.174568 0.174568 0.1696467 0.1696467 0.1696467 0.1696467 0.1696467 0.1696467 0.1696467 0.1696467 0.1696467 0.1696467 0.1696467 0.1696467 0.1696467 
TREGO 77 0.1784993 0.1745875 0.1745875 0.1745875 0.1745875 0.1745875 0.1745875 0.1745875 0.1717434 0.1717434 0.1717434 0.1717434 0.1717434 0.1717434 0.1717434 0.1717434 0.1717434 
RSO 78 0.1785381 0.1785381 0.1785381 0.1656377 0.1656377 0.1656377 0.1656377 0.1656377 0.1656377 0.1656377 0.1656377 0.1656377 0.1656377 0.1656377 0.1656377 0.1656377 0.1656377 
EGO 78 0.1785381 0.1785381 0.1714327 0.1714327 0.1714327 0.1714327 0.1714327 0.1714327 0.1714327 0.1696758 0.1696758 0.1696758 0.1696758 0.1696758 0.1696758 0.1696758 0.1696758 
TREGO 78 0.1785381 0.1785381 0.1785381 0.1785381 0.1785381 0.1785381 0.1785381 0.1785381 0.1785381 0.1774801 0.1774801 0.1774801 0.1774801 0.1755679 0.1755679 0.1755679 0.1755679 
RSO 79 0.1794409 0.1794409 0.1794409 0.1794409 0.1794409 0.1764997 0.1764997 0.1764997 0.1725587 0.1725587 0.1725587 0.1725587 0.1725587 0.1725587 0.1725587 0.1725587 0.1725587 
EGO 79 0.1794409 0.1794409 0.1794409 0.1775869 0.1775869 0.1775869 0.1775869 0.1775869 0.1775869 0.1775869 0.1775869 0.1775869 0.1775869 0.1775869 0.1775869 0.1775869 0.1775869 
TREGO 79 0.1794409 0.1745195 0.1745195 0.1745195 0.1745195 0.1745195 0.1735585 0.1735585 0.1735585 0.1735585 0.1735585 0.1735585 0.1735585 0.1735585 0.1735585 0.1735585 0.1735585 
RSO 80 0.1774122 0.1774122 0.1774122 0.1774122 0.1755484 0.1755484 0.1755484 0.1755484 0.1755484 0.1735877 0.1735877 0.1735877 0.1735877 0.1735877 0.1735877 0.1735877 0.1735877 
EGO 80 0.1774122 0.1696273 0.1696273 0.1696273 0.1696273 0.1696273 0.1696273 0.1696273 0.1696273 0.1696273 0.1696273 0.1696273 0.1696273 0.1696273 0.1696273 0.1696273 0.1696273 
TREGO 80 0.1774122 0.1774122 0.1774122 0.1774122 0.1764997 0.1764997 0.1764997 0.1764997 0.17649 0.17649 0.17649 0.17649 0.1706174 0.1706174 0.1706174 0.1706174 0.1706174 
RSO 81 0.179635 0.179635 0.1775675 0.1775383 0.1775383 0.1775383 0.1775383 0.1775383 0.1764609 0.1764609 0.1764609 0.1764609 0.1764609 0.1764609 0.1764609 0.1764609 0.1764609 
EGO 81 0.179635 0.179635 0.1774704 0.1746166 0.1746166 0.1746166 0.1746166 0.1746166 0.1746166 0.1746166 0.1746166 0.1746166 0.1746166 0.1746166 0.1746166 0.1746166 0.1746166 
TREGO 81 0.179635 0.179635 0.179635 0.1745098 0.1745098 0.1745098 0.1745098 0.1745098 0.1745098 0.1745098 0.1745098 0.1745098 0.1745098 0.1745098 0.1745098 0.1745098 0.1745098 
RSO 82 0.1725102 0.1725102 0.1725102 0.1725102 0.1725102 0.1725102 0.1725102 0.1725102 0.1725102 0.1725102 0.1725102 0.1725102 0.1725102 0.1725102 0.1725102 0.1725102 0.1725102 
EGO 82 0.1725102 0.1725102 0.1725102 0.1725102 0.1725102 0.1725102 0.1725102 0.1725102 0.1725102 0.1725102 0.1725102 0.1725102 0.1725102 0.1725102 0.1725102 0.1725102 0.1725102 
TREGO 82 0.1725102 0.1725102 0.1725102 0.1725102 0.1725102 0.1725102 0.1725102 0.1725102 0.1725102 0.1725102 0.1725102 0.1725102 0.1725102 0.1725102 0.1725102 0.1725102 0.1725102 
RSO 83 0.1835081 0.1804407 0.17947 0.1765871 0.1735877 0.1735877 0.1735877 0.1735877 0.1735877 0.1705882 0.1705882 0.1705882 0.1705882 0.1705882 0.1705882 0.1705882 0.1705882 
EGO 83 0.1835081 0.1765094 0.1765094 0.1765094 0.1765094 0.1765094 0.1765094 0.1765094 0.1765094 0.1765094 0.1765094 0.1765094 0.1765094 0.1765094 0.1765094 0.1765094 0.1765094 
TREGO 83 0.1835081 0.1833527 0.1765677 0.1765677 0.1765677 0.1765677 0.1765677 0.1765677 0.1765677 0.1765677 0.1765677 0.1677053 0.1677053 0.1677053 0.1677053 0.1677053 0.1677053 
RSO 84 0.1765385 0.1765385 0.1756358 0.1756358 0.1745875 0.1745875 0.1745875 0.1745875 0.1745875 0.1745875 0.1745875 0.1745875 0.1745875 0.1745583 0.1745583 0.1745583 0.1745583 
EGO 84 0.1765385 0.1765385 0.1765385 0.1765385 0.1765385 0.1765385 0.1765385 0.1765385 0.1765385 0.1765385 0.1765385 0.1765385 0.1765385 0.1765385 0.1765385 0.1765385 0.1765385 
TREGO 84 0.1765385 0.1765385 0.1765385 0.1765385 0.1765385 0.1765385 0.174568 0.174568 0.174568 0.174568 0.174568 0.174568 0.174568 0.174568 0.1695011 0.1695011 0.1695011 
RSO 85 0.1853427 0.1746457 0.1735003 0.1735003 0.1735003 0.1735003 0.1735003 0.1735003 0.1735003 0.1735003 0.1735003 0.1735003 0.1735003 0.1735003 0.1735003 0.1656766 0.1656766 
EGO 85 0.1853427 0.1824112 0.1784799 0.1726364 0.1726364 0.1726364 0.1726364 0.1726364 0.1726364 0.1726364 0.1726364 0.1726364 0.1726364 0.1726364 0.1726364 0.1726364 0.1726364 
TREGO 85 0.1853427 0.17649 0.17649 0.17649 0.17649 0.17649 0.17649 0.17649 0.1755776 0.1755776 0.1755776 0.1755776 0.1755776 0.1755776 0.1695981 0.1695981 0.1695981 
RSO 86 0.1785381 0.1785381 0.1785381 0.1785381 0.1745486 0.1736168 0.1736168 0.1736168 0.1736168 0.1736168 0.1736168 0.1736168 0.1736168 0.1736168 0.1736168 0.1726946 0.1726946 
EGO 86 0.1785381 0.1785381 0.1785381 0.1785381 0.1755581 0.1755581 0.1755581 0.1755581 0.1745778 0.1745778 0.1745778 0.1745778 0.1745778 0.1745778 0.1745778 0.1745778 0.1745778 
TREGO 86 0.1785381 0.1785381 0.1744419 0.1744419 0.1744419 0.1705494 0.1705494 0.1705494 0.1705494 0.1705494 0.1705494 0.1705494 0.1705494 0.1705494 0.1705494 0.1705494 0.1705494 
RSO 87 0.1754902 0.1754902 0.1754902 0.1754902 0.1754902 0.1743836 0.1743836 0.1743836 0.1715492 0.1676374 0.1676374 0.1676374 0.1676374 0.1676374 0.1676374 0.1676374 0.1676374 
EGO 87 0.1754902 0.1754902 0.1754902 0.1754902 0.1754902 0.1754902 0.1746263 0.1746263 0.1746263 0.1746263 0.1746263 0.1746263 0.1746263 0.1746263 0.1746263 0.1746263 0.1746263 
TREGO 87 0.1754902 0.1754902 0.1754902 0.1754902 0.1754902 0.1754902 0.1754902 0.1754902 0.1754902 0.1754902 0.1754902 0.1754902 0.1754902 0.1754902 0.1706076 0.1706076 0.1706076 
RSO 88 0.1764803 0.1764803 0.1764803 0.1764803 0.1764803 0.1725684 0.1725684 0.1725684 0.1725684 0.1725684 0.1725684 0.1725684 0.1725684 0.1725684 0.1715492 0.1715492 0.1715492 
EGO 88 0.1764803 0.1764803 0.1764803 0.1764803 0.1764803 0.1764803 0.1764803 0.1764803 0.1764803 0.1764803 0.1764803 0.1764803 0.1764803 0.1755873 0.1755873 0.1755873 0.1755873 
TREGO 88 0.1764803 0.1764803 0.1726364 0.1726364 0.1726364 0.1706368 0.1706368 0.1706368 0.1706368 0.1706368 0.1706368 0.1706368 0.1706368 0.1706368 0.1706368 0.1706368 0.1706368 
RSO 89 0.1804601 0.1804601 0.1804601 0.180431 0.1715977 0.1715977 0.1715977 0.1715977 0.1715977 0.1715977 0.1715977 0.1715977 0.1715977 0.1715977 0.1715977 0.1715977 0.1715977 
EGO 89 0.1804601 0.1804601 0.1804601 0.1804601 0.1736265 0.1736265 0.1736265 0.1736265 0.1736265 0.1736265 0.1736265 0.1736265 0.1736265 0.1736265 0.1736265 0.1736265 0.1736265 
TREGO 89 0.1804601 0.1775578 0.1775578 0.1735488 0.1735488 0.1735488 0.1735488 0.1735488 0.1735488 0.1735488 0.1647544 0.1647544 0.1647544 0.1647544 0.1647544 0.1647544 0.1647544 
RSO 90 0.1814405 0.1814405 0.1814405 0.1812852 0.1812852 0.1812852 0.1765482 0.1765482 0.1765482 0.1725976 0.1725976 0.1725976 0.1725976 0.1725976 0.1725976 0.1725976 0.1725976 
EGO 90 0.1814405 0.1774122 0.1774122 0.1774122 0.1774122 0.1774122 0.1774122 0.1774122 0.1774122 0.1766647 0.1705203 0.1705203 0.1705203 0.1705203 0.1705203 0.1705203 0.1705203 
TREGO 90 0.1814405 0.1814405 0.1785673 0.1735585 0.1735585 0.1735585 0.1735585 0.1735585 0.1735585 0.1735585 0.1735585 0.1735585 0.1715589 0.1715589 0.1715589 0.1715589 0.1715589 
RSO 91 0.180431 0.180431 0.180431 0.1765677 0.1765677 0.1765677 0.1765677 0.1765677 0.1746457 0.1725976 0.1725976 0.1725976 0.1725976 0.1725976 0.1725976 0.1725976 0.1725976 
EGO 91 0.180431 0.180431 0.180431 0.1765968 0.1765968 0.1726073 0.1726073 0.1726073 0.1726073 0.1726073 0.1726073 0.1726073 0.1726073 0.1726073 0.1726073 0.1726073 0.1726073 
TREGO 91 0.180431 0.169637 0.169637 0.169637 0.169637 0.169637 0.169637 0.169637 0.169637 0.169637 0.169637 0.169637 0.169637 0.169637 0.169637 0.169637 0.169637 
RSO 92 0.1784993 0.1775383 0.1775383 0.1775383 0.1775383 0.1775383 0.1775383 0.1735877 0.1735877 0.1735877 0.1735877 0.1735877 0.1735877 0.1735877 0.1735877 0.1735877 0.1735877 
EGO 92 0.1784993 0.1784993 0.1784993 0.1646865 0.1646865 0.1646865 0.1646865 0.1646865 0.1646865 0.1646865 0.1646865 0.1646865 0.1646865 0.1646865 0.1646865 0.1646865 0.1646865 
TREGO 92 0.1784993 0.1784993 0.1784993 0.1784993 0.1755581 0.1755581 0.1755581 0.1755581 0.1755581 0.1755581 0.1755581 0.1755581 0.1755581 0.1755581 0.1755581 0.1755581 0.1755581 
RSO 93 0.1726655 0.1726655 0.1706076 0.1706076 0.1706076 0.1706076 0.1706076 0.1706076 0.1706076 0.1705203 0.1705203 0.1705203 0.1705203 0.1705203 0.1705203 0.1705203 0.1705203 
EGO 93 0.1726655 0.1726655 0.1715201 0.1715201 0.1715201 0.1715201 0.1715201 0.1715201 0.1715201 0.1715201 0.1715201 0.1715201 0.1715201 0.1715201 0.1715201 0.1715201 0.1715201 
TREGO 93 0.1726655 0.1695981 0.1695981 0.1695981 0.1695981 0.1695981 0.1695981 0.1695981 0.1695981 0.1695981 0.1695981 0.1695981 0.1695981 0.1695981 0.1695981 0.1695981 0.1695981 
RSO 94 0.1844496 0.18245 0.1815182 0.1815182 0.1764997 0.1764997 0.1764997 0.1764997 0.1764997 0.1735974 0.1735974 0.1735974 0.1735974 0.1735585 0.1735585 0.1735585 0.1735585 
EGO 94 0.1844496 0.1844496 0.1844496 0.1717045 0.1717045 0.1717045 0.1717045 0.1717045 0.1717045 0.1717045 0.1717045 0.1717045 0.1717045 0.1717045 0.1717045 0.1717045 0.1717045 
TREGO 94 0.1844496 0.1774607 0.1774607 0.1774607 0.1774607 0.1774607 0.1774607 0.1734906 0.1734906 0.1734906 0.1734906 0.1734906 0.1734906 0.1734906 0.1734906 0.1734906 0.1734906 
RSO 95 0.1627063 0.1627063 0.1627063 0.1627063 0.1627063 0.1627063 0.1627063 0.1627063 0.1627063 0.1627063 0.1627063 0.1627063 0.1627063 0.1627063 0.1627063 0.1627063 0.1627063 
EGO 95 0.1627063 0.1627063 0.1627063 0.1627063 0.1627063 0.1627063 0.1627063 0.1627063 0.1627063 0.1627063 0.1627063 0.1627063 0.1627063 0.1627063 0.1627063 0.1627063 0.1627063 
TREGO 95 0.1627063 0.1627063 0.1627063 0.1627063 0.1627063 0.1627063 0.1627063 0.1627063 0.1627063 0.1627063 0.1627063 0.1627063 0.1627063 0.1627063 0.1627063 0.1627063 0.1627063 
RSO 96 0.1833625 0.174636 0.1725976 0.1725976 0.1725976 0.1725976 0.1725976 0.1725976 0.1725976 0.1725976 0.1725976 0.1725976 0.1725976 0.1725976 0.1725976 0.1725976 0.1725976 
EGO 96 0.1833625 0.1814696 0.1814696 0.1814211 0.17947 0.17947 0.17947 0.17947 0.17947 0.17947 0.17947 0.17947 0.17947 0.1735585 0.1735585 0.1735585 0.1735585 
TREGO 96 0.1833625 0.1776839 0.1776839 0.1776839 0.1776839 0.1776839 0.1776839 0.1715492 0.1715492 0.1715492 0.1715492 0.1715492 0.1715492 0.1715492 0.1715492 0.1715492 0.1715492 
RSO 97 0.1853621 0.1853621 0.1853621 0.1775092 0.1775092 0.1775092 0.1775092 0.1775092 0.1736556 0.1736556 0.1736556 0.1736556 0.1736556 0.1736556 0.1736556 0.1736556 0.1736556 
EGO 97 0.1853621 0.1853621 0.1784217 0.1784217 0.1784217 0.1774898 0.171656 0.171656 0.171656 0.171656 0.171656 0.1715686 0.1715686 0.1715686 0.1715686 0.1715686 0.1715492 
TREGO 97 0.1853621 0.1815376 0.1815376 0.1775189 0.1775189 0.1775189 0.1775189 0.1775189 0.1744904 0.1744904 0.1725102 0.1725102 0.1725102 0.1725102 0.1725102 0.1725102 0.1725102 
RSO 98 0.1795088 0.1795088 0.1795088 0.1795088 0.1795088 0.1765385 0.1765385 0.1765385 0.1726073 0.1726073 0.1726073 0.1726073 0.1726073 0.1726073 0.1726073 0.1726073 0.1726073 
EGO 98 0.1795088 0.1795088 0.1795088 0.1795088 0.1795088 0.1795088 0.1795088 0.1765288 0.1765288 0.1765288 0.1706368 0.1706368 0.1706368 0.1706368 0.1706368 0.1706368 0.1706368 
TREGO 98 0.1795088 0.178412 0.178412 0.178412 0.1725781 0.1725781 0.1725781 0.1587459 0.1587459 0.1587459 0.1587459 0.1587459 0.1587459 0.1587459 0.1587459 0.1587459 0.1587459 
RSO 99 0.1753931 0.1753931 0.1753931 0.1725878 0.1725878 0.1725878 0.1725878 0.1725878 0.1725878 0.1725878 0.1725878 0.1725878 0.1725878 0.1725878 0.1725878 0.1725878 0.1725878 
EGO 99 0.1753931 0.1753931 0.1753931 0.1753931 0.1753931 0.1746263 0.1746263 0.1746263 0.1746263 0.1746263 0.1746263 0.1746263 0.1746263 0.1735779 0.1735779 0.1735779 0.1735779 
TREGO 99 0.1753931 0.1753931 0.1753931 0.1753931 0.1753931 0.1753931 0.1753931 0.1753931 0.1753931 0.1753931 0.1677053 0.1677053 0.1677053 0.1677053 0.1677053 0.1677053 0.1677053 
RSO 100 0.1754999 0.1754999 0.1754999 0.1754999 0.1754999 0.1754999 0.174568 0.174568 0.174568 0.174568 0.1724714 0.1724714 0.1716075 0.1716075 0.1716075 0.1716075 0.1716075 
EGO 100 0.1754999 0.1754999 0.1754999 0.1754999 0.1754999 0.1754999 0.1754999 0.1754999 0.1754999 0.1754999 0.1754999 0.1754999 0.1754999 0.1754999 0.1754999 0.1754999 0.1754999 
TREGO 100 0.1754999 0.1735003 0.1735003 0.1735003 0.1735003 0.1735003 0.1735003 0.1735003 0.1735003 0.1735003 0.1735003 0.1735003 0.1735003 0.1735003 0.1735003 0.1735003 0.1735003 
