RSO 1 0.1422222 0.1355556 0.1311111 0.1311111 0.1311111 0.1311111 0.1311111 0.13 0.13 0.13 0.13 0.13 0.13 0.13 0.13 0.13 0.13 0.13 0.13 
EGO 1 0.1422222 0.1366667 0.1366667 0.13 0.13 0.13 0.13 0.13 0.13 0.13 0.13 0.13 0.13 0.13 0.13 0.13 0.13 0.13 0.13 
TREGO 1 0.1422222 0.1377778 0.1377778 0.1333333 0.1333333 0.1266667 0.1266667 0.1266667 0.1266667 0.1266667 0.1266667 0.1266667 0.1266667 0.1266667 0.1266667 0.1266667 0.1266667 0.1266667 0.1266667 
RSO 2 0.1388889 0.1277778 0.1277778 0.1277778 0.1277778 0.1277778 0.1277778 0.1277778 0.1277778 0.1277778 0.1277778 0.1277778 0.1277778 0.1277778 0.1277778 0.1277778 0.1277778 0.1277778 0.1277778 
EGO 2 0.1388889 0.1322222 0.1322222 0.1322222 0.1322222 0.1322222 0.1322222 0.1322222 0.1322222 0.1311111 0.1288889 0.1288889 0.1288889 0.1288889 0.1288889 0.1288889 0.1288889 0.1288889 0.1266667 
TREGO 2 0.1388889 0.1377778 0.1366667 0.1333333 0.1333333 0.1333333 0.1333333 0.1333333 0.1322222 0.1322222 0.1322222 0.1322222 0.1322222 0.1277778 0.1277778 0.1277778 0.1255556 0.1255556 0.1255556 
RSO 3 0.1722222 0.13 0.13 0.13 0.13 0.13 0.13 0.13 0.13 0.13 0.13 0.13 0.13 0.13 0.13 0.13 0.13 0.1288889 0.1288889 
EGO 3 0.1722222 0.1366667 0.1366667 0.1344444 0.1344444 0.1344444 0.1322222 0.1322222 0.1322222 0.1322222 0.1322222 0.1322222 0.1311111 0.1311111 0.1311111 0.1311111 0.1311111 0.1311111 0.1311111 
TREGO 3 0.1722222 0.1388889 0.1366667 0.1366667 0.1355556 0.1355556 0.1355556 0.1333333 0.1333333 0.1333333 0.1322222 0.1322222 0.1322222 0.1322222 0.1311111 0.1311111 0.1311111 0.1277778 0.1277778 
RSO 4 0.1422222 0.1422222 0.14 0.1366667 0.1355556 0.1288889 0.1288889 0.1288889 0.1288889 0.1288889 0.1288889 0.1288889 0.1288889 0.1288889 0.1288889 0.1288889 0.1288889 0.1288889 0.1288889 
EGO 4 0.1422222 0.1288889 0.1288889 0.1288889 0.1288889 0.1288889 0.1288889 0.1288889 0.1288889 0.1288889 0.1288889 0.1288889 0.1288889 0.1288889 0.1288889 0.1288889 0.1288889 0.1288889 0.1288889 
TREGO 4 0.1422222 0.13 0.13 0.13 0.13 0.13 0.13 0.13 0.13 0.13 0.13 0.13 0.13 0.13 0.13 0.13 0.13 0.13 0.13 
RSO 5 0.1411111 0.1355556 0.1355556 0.1355556 0.1355556 0.1344444 0.1322222 0.1322222 0.1322222 0.1322222 0.13 0.13 0.13 0.13 0.13 0.1288889 0.1288889 0.1288889 0.1288889 
EGO 5 0.1411111 0.14 0.1366667 0.1366667 0.1366667 0.1366667 0.1355556 0.1355556 0.1277778 0.1277778 0.1277778 0.1277778 0.1277778 0.1277778 0.1277778 0.1277778 0.1266667 0.1266667 0.1266667 
TREGO 5 0.1411111 0.1377778 0.1377778 0.1377778 0.1266667 0.1266667 0.1266667 0.1266667 0.1266667 0.1266667 0.1266667 0.1266667 0.1266667 0.1266667 0.1266667 0.1266667 0.1266667 0.1266667 0.1266667 
RSO 6 0.1466667 0.1422222 0.1388889 0.1355556 0.1355556 0.1311111 0.1311111 0.1311111 0.1311111 0.1311111 0.1311111 0.1311111 0.1311111 0.1311111 0.1311111 0.1311111 0.1311111 0.1311111 0.1311111 
EGO 6 0.1466667 0.1422222 0.1422222 0.1388889 0.1388889 0.1388889 0.1344444 0.13 0.13 0.13 0.13 0.13 0.13 0.13 0.13 0.13 0.13 0.1288889 0.1288889 
TREGO 6 0.1466667 0.1411111 0.1344444 0.1344444 0.1333333 0.1333333 0.1333333 0.1333333 0.1311111 0.1311111 0.1311111 0.1311111 0.1311111 0.1288889 0.1288889 0.1288889 0.1288889 0.1288889 0.1288889 
RSO 7 0.1366667 0.1366667 0.1311111 0.13 0.13 0.13 0.13 0.13 0.13 0.13 0.13 0.13 0.13 0.13 0.13 0.13 0.13 0.13 0.13 
EGO 7 0.1366667 0.1344444 0.1311111 0.1311111 0.1288889 0.1288889 0.1288889 0.1288889 0.1288889 0.1288889 0.1288889 0.1288889 0.1288889 0.1288889 0.1288889 0.1288889 0.1288889 0.1288889 0.1288889 
TREGO 7 0.1366667 0.1366667 0.1333333 0.1333333 0.1333333 0.1277778 0.1277778 0.1277778 0.1266667 0.1266667 0.1266667 0.1266667 0.1266667 0.1266667 0.1266667 0.1266667 0.1266667 0.1266667 0.1266667 
RSO 8 0.1288889 0.1288889 0.1288889 0.1288889 0.1288889 0.1288889 0.1288889 0.1288889 0.1288889 0.1288889 0.1288889 0.1288889 0.1288889 0.1288889 0.1288889 0.1288889 0.1288889 0.1288889 0.1288889 
EGO 8 0.1288889 0.1288889 0.1288889 0.1288889 0.1288889 0.1288889 0.1288889 0.1288889 0.1288889 0.1288889 0.1288889 0.1288889 0.1288889 0.1288889 0.1288889 0.1288889 0.1288889 0.1288889 0.1288889 
TREGO 8 0.1288889 0.1288889 0.1288889 0.1288889 0.1288889 0.1288889 0.1288889 0.1288889 0.1288889 0.1288889 0.1288889 0.1288889 0.1288889 0.1288889 0.1288889 0.1288889 0.1288889 0.1288889 0.1288889 
RSO 9 0.1388889 0.1377778 0.1344444 0.1344444 0.1344444 0.1344444 0.1344444 0.1344444 0.1344444 0.1333333 0.1266667 0.1266667 0.1266667 0.1266667 0.1266667 0.1266667 0.1266667 0.1266667 0.1266667 
EGO 9 0.1388889 0.1388889 0.1388889 0.1388889 0.1388889 0.1322222 0.1322222 0.1288889 0.1288889 0.1288889 0.1288889 0.1288889 0.1288889 0.1288889 0.1288889 0.1288889 0.1288889 0.1288889 0.1288889 
TREGO 9 0.1388889 0.1344444 0.1344444 0.1344444 0.1344444 0.1333333 0.1333333 0.1311111 0.1311111 0.1311111 0.1311111 0.1311111 0.1311111 0.1311111 0.1311111 0.1311111 0.1311111 0.1311111 0.1277778 
RSO 10 0.1411111 0.1366667 0.1366667 0.1333333 0.1333333 0.1333333 0.1333333 0.1333333 0.1333333 0.1311111 0.1277778 0.1277778 0.1277778 0.1277778 0.1277778 0.1277778 0.1277778 0.1277778 0.1277778 
EGO 10 0.1411111 0.1388889 0.1388889 0.13 0.13 0.13 0.1277778 0.1277778 0.1277778 0.1277778 0.1277778 0.1277778 0.1277778 0.1277778 0.1277778 0.1277778 0.1277778 0.1277778 0.1277778 
TREGO 10 0.1411111 0.1355556 0.1333333 0.1311111 0.1311111 0.1311111 0.13 0.13 0.13 0.13 0.13 0.13 0.13 0.13 0.13 0.13 0.13 0.13 0.13 
RSO 11 0.1322222 0.1322222 0.1322222 0.1322222 0.1322222 0.1322222 0.1322222 0.1322222 0.1322222 0.1322222 0.1311111 0.1288889 0.1288889 0.1288889 0.1288889 0.1288889 0.1288889 0.1288889 0.1288889 
EGO 11 0.1322222 0.1322222 0.1322222 0.1288889 0.1288889 0.1288889 0.1288889 0.1288889 0.1288889 0.1288889 0.1288889 0.1288889 0.1288889 0.1288889 0.1288889 0.1288889 0.1288889 0.1288889 0.1288889 
TREGO 11 0.1322222 0.1322222 0.1266667 0.1266667 0.1266667 0.1266667 0.1266667 0.1266667 0.1266667 0.1266667 0.1266667 0.1266667 0.1266667 0.1266667 0.1266667 0.1266667 0.1266667 0.1266667 0.1266667 
RSO 12 0.1544444 0.1388889 0.1366667 0.1344444 0.1344444 0.1344444 0.1333333 0.1277778 0.1277778 0.1277778 0.1277778 0.1277778 0.1277778 0.1277778 0.1277778 0.1277778 0.1277778 0.1277778 0.1277778 
EGO 12 0.1544444 0.14 0.1388889 0.1311111 0.1311111 0.1311111 0.1311111 0.1311111 0.1244444 0.1244444 0.1244444 0.1244444 0.1244444 0.1244444 0.1244444 0.1244444 0.1244444 0.1244444 0.1244444 
TREGO 12 0.1544444 0.1311111 0.1311111 0.1311111 0.1311111 0.1311111 0.1311111 0.1311111 0.1311111 0.1311111 0.1311111 0.1311111 0.1311111 0.1311111 0.1311111 0.1311111 0.1311111 0.1311111 0.1311111 
RSO 13 0.15 0.1388889 0.1344444 0.1322222 0.1322222 0.1322222 0.1322222 0.1322222 0.1322222 0.1322222 0.1322222 0.1322222 0.1322222 0.1322222 0.1322222 0.1322222 0.1322222 0.1322222 0.1322222 
EGO 13 0.15 0.1433333 0.1422222 0.1388889 0.1388889 0.1388889 0.1388889 0.1388889 0.1366667 0.1311111 0.1311111 0.1311111 0.1311111 0.1311111 0.1311111 0.1311111 0.1311111 0.1311111 0.1311111 
TREGO 13 0.15 0.1444444 0.1366667 0.1355556 0.1355556 0.1355556 0.1333333 0.1333333 0.13 0.13 0.13 0.13 0.13 0.13 0.13 0.13 0.13 0.13 0.1277778 
RSO 14 0.14 0.14 0.14 0.1388889 0.1366667 0.1311111 0.1311111 0.1311111 0.1311111 0.1311111 0.1311111 0.1311111 0.1311111 0.1311111 0.1311111 0.1311111 0.1311111 0.1311111 0.1311111 
EGO 14 0.14 0.1322222 0.1322222 0.1322222 0.1322222 0.1322222 0.1322222 0.1322222 0.1322222 0.1322222 0.1322222 0.1322222 0.1322222 0.1322222 0.13 0.13 0.13 0.13 0.13 
TREGO 14 0.14 0.1366667 0.1366667 0.1333333 0.1322222 0.1322222 0.1322222 0.1322222 0.1255556 0.1255556 0.1255556 0.1255556 0.1255556 0.1255556 0.1255556 0.1255556 0.1255556 0.1255556 0.1255556 
RSO 15 0.1355556 0.1355556 0.1355556 0.1355556 0.1355556 0.1333333 0.1333333 0.1333333 0.13 0.13 0.13 0.13 0.13 0.13 0.13 0.13 0.13 0.13 0.13 
EGO 15 0.1355556 0.1355556 0.13 0.13 0.13 0.13 0.13 0.13 0.13 0.13 0.13 0.13 0.13 0.13 0.13 0.13 0.13 0.13 0.13 
TREGO 15 0.1355556 0.1355556 0.1355556 0.1355556 0.1355556 0.1355556 0.1355556 0.1355556 0.1355556 0.1355556 0.1355556 0.1355556 0.1355556 0.1333333 0.1333333 0.1333333 0.1333333 0.13 0.13 
RSO 16 0.1611111 0.1555556 0.1422222 0.1388889 0.1388889 0.1388889 0.1377778 0.1366667 0.1366667 0.1366667 0.1366667 0.1366667 0.1366667 0.1366667 0.1366667 0.1366667 0.1366667 0.1366667 0.1366667 
EGO 16 0.1611111 0.1522222 0.1422222 0.1388889 0.1388889 0.1366667 0.1366667 0.1366667 0.1366667 0.1366667 0.1366667 0.1366667 0.1366667 0.1366667 0.1366667 0.1366667 0.1366667 0.1366667 0.1366667 
TREGO 16 0.1611111 0.1611111 0.1411111 0.1411111 0.14 0.14 0.1255556 0.1255556 0.1255556 0.1255556 0.1255556 0.1255556 0.1255556 0.1255556 0.1255556 0.1255556 0.1255556 0.1255556 0.1255556 
RSO 17 0.1588889 0.1422222 0.1322222 0.1322222 0.1322222 0.1322222 0.1322222 0.1322222 0.1322222 0.1322222 0.1322222 0.1322222 0.1322222 0.1322222 0.1322222 0.13 0.13 0.13 0.13 
EGO 17 0.1588889 0.1488889 0.1488889 0.1377778 0.1377778 0.1377778 0.1355556 0.1355556 0.1311111 0.1311111 0.1311111 0.1311111 0.1311111 0.1311111 0.1311111 0.1311111 0.1255556 0.1255556 0.1255556 
TREGO 17 0.1588889 0.1588889 0.1344444 0.1344444 0.1344444 0.1344444 0.1344444 0.1322222 0.1322222 0.1322222 0.1311111 0.1311111 0.1311111 0.1311111 0.13 0.13 0.13 0.13 0.13 
RSO 18 0.1433333 0.1433333 0.1433333 0.1366667 0.1366667 0.1366667 0.1366667 0.1366667 0.1366667 0.1366667 0.1366667 0.1333333 0.1311111 0.1311111 0.1311111 0.1311111 0.1311111 0.1311111 0.1277778 
EGO 18 0.1433333 0.1433333 0.1288889 0.1288889 0.1288889 0.1288889 0.1288889 0.1288889 0.1288889 0.1288889 0.1288889 0.1288889 0.1288889 0.1288889 0.1288889 0.1288889 0.1288889 0.1288889 0.1288889 
TREGO 18 0.1433333 0.1433333 0.14 0.1377778 0.1377778 0.1377778 0.1355556 0.1355556 0.1255556 0.1255556 0.1255556 0.1255556 0.1255556 0.1255556 0.1255556 0.1255556 0.1255556 0.1255556 0.1255556 
RSO 19 0.1455556 0.1422222 0.1355556 0.1311111 0.1311111 0.1311111 0.1311111 0.1311111 0.1311111 0.1311111 0.1311111 0.1266667 0.1266667 0.1266667 0.1266667 0.1266667 0.1266667 0.1266667 0.1255556 
EGO 19 0.1455556 0.1411111 0.1411111 0.1377778 0.1377778 0.1377778 0.13 0.13 0.13 0.13 0.13 0.13 0.13 0.13 0.13 0.13 0.13 0.13 0.13 
TREGO 19 0.1455556 0.1433333 0.1311111 0.1311111 0.1311111 0.1277778 0.1277778 0.1277778 0.1277778 0.1277778 0.1277778 0.1277778 0.1277778 0.1277778 0.1277778 0.1277778 0.1277778 0.1277778 0.1277778 
RSO 20 0.1422222 0.14 0.1388889 0.1288889 0.1288889 0.1288889 0.1288889 0.1288889 0.1288889 0.1288889 0.1288889 0.1288889 0.1288889 0.1288889 0.1288889 0.1288889 0.1288889 0.1288889 0.1288889 
EGO 20 0.1422222 0.1377778 0.1377778 0.1322222 0.1322222 0.1322222 0.1322222 0.1322222 0.1322222 0.1288889 0.1288889 0.1288889 0.1288889 0.1288889 0.1288889 0.1288889 0.1288889 0.1288889 0.1288889 
TREGO 20 0.1422222 0.1377778 0.1377778 0.1355556 0.1355556 0.1355556 0.1355556 0.1355556 0.1355556 0.1355556 0.1355556 0.1355556 0.1355556 0.1322222 0.1322222 0.13 0.13 0.13 0.13 
