RSO 1 0.07142857 0.07142857 0.07142857 0.07142857 0.06666667 0.06666667 0.06666667 0.06190476 0.06190476 0.05714286 0.05714286 0.05714286 0.05714286 0.05714286 0.05714286 0.05714286 0.05714286 0.05714286 0.05714286 
EGO 1 0.07142857 0.07142857 0.07142857 0.06190476 0.05714286 0.05714286 0.05714286 0.05714286 0.05714286 0.05714286 0.05714286 0.05714286 0.05714286 0.05714286 0.05714286 0.05714286 0.05714286 0.05714286 0.05714286 
TREGO 1 0.07142857 0.06666667 0.06666667 0.06666667 0.06666667 0.06190476 0.06190476 0.06190476 0.05714286 0.05714286 0.05714286 0.05238095 0.05238095 0.04761905 0.04761905 0.04761905 0.04761905 0.04761905 0.04761905 
RSO 2 0.07142857 0.07142857 0.07142857 0.06666667 0.06666667 0.06666667 0.06666667 0.06666667 0.06190476 0.05714286 0.05238095 0.05238095 0.05238095 0.05238095 0.04761905 0.04285714 0.04285714 0.04285714 0.04285714 
EGO 2 0.07142857 0.06190476 0.06190476 0.06190476 0.06190476 0.06190476 0.05714286 0.05714286 0.05714286 0.05714286 0.05714286 0.05714286 0.05714286 0.05238095 0.05238095 0.05238095 0.05238095 0.05238095 0.04761905 
TREGO 2 0.07142857 0.07142857 0.07142857 0.06190476 0.06190476 0.06190476 0.06190476 0.06190476 0.05714286 0.05238095 0.05238095 0.05238095 0.05238095 0.05238095 0.05238095 0.05238095 0.05238095 0.05238095 0.05238095 
RSO 3 0.05714286 0.05714286 0.05714286 0.05714286 0.05714286 0.05714286 0.05714286 0.05714286 0.05714286 0.05714286 0.05714286 0.05714286 0.05714286 0.05714286 0.05714286 0.03809524 0.03809524 0.03809524 0.03809524 
EGO 3 0.05714286 0.05714286 0.05714286 0.04761905 0.04761905 0.04761905 0.04761905 0.04285714 0.04285714 0.04285714 0.04285714 0.04285714 0.04285714 0.04285714 0.04285714 0.04285714 0.04285714 0.04285714 0.04285714 
TREGO 3 0.05714286 0.05714286 0.05714286 0.05714286 0.05714286 0.05714286 0.05714286 0.05714286 0.05714286 0.05714286 0.05714286 0.04761905 0.04761905 0.04761905 0.04285714 0.04285714 0.04285714 0.04285714 0.04285714 
RSO 4 0.08095238 0.05714286 0.05714286 0.05714286 0.05714286 0.05714286 0.05714286 0.05714286 0.05714286 0.05714286 0.05714286 0.05714286 0.05714286 0.05714286 0.05714286 0.05238095 0.05238095 0.05238095 0.05238095 
EGO 4 0.08095238 0.08095238 0.06666667 0.06666667 0.05714286 0.05714286 0.05714286 0.05714286 0.05714286 0.05714286 0.05714286 0.05714286 0.05714286 0.05714286 0.05714286 0.05714286 0.05714286 0.05714286 0.05714286 
TREGO 4 0.08095238 0.06190476 0.06190476 0.06190476 0.06190476 0.06190476 0.06190476 0.06190476 0.06190476 0.06190476 0.06190476 0.06190476 0.06190476 0.05714286 0.05714286 0.05714286 0.05714286 0.05714286 0.05714286 
RSO 5 0.06666667 0.06666667 0.06666667 0.06666667 0.06666667 0.06190476 0.06190476 0.06190476 0.06190476 0.05714286 0.05238095 0.05238095 0.05238095 0.05238095 0.05238095 0.05238095 0.05238095 0.05238095 0.05238095 
EGO 5 0.06666667 0.06666667 0.06666667 0.06190476 0.06190476 0.06190476 0.06190476 0.06190476 0.06190476 0.05714286 0.05714286 0.05714286 0.05714286 0.05238095 0.05238095 0.05238095 0.05238095 0.05238095 0.05238095 
TREGO 5 0.06666667 0.06190476 0.06190476 0.06190476 0.06190476 0.06190476 0.06190476 0.06190476 0.06190476 0.06190476 0.06190476 0.06190476 0.06190476 0.06190476 0.06190476 0.06190476 0.06190476 0.05714286 0.05714286 
RSO 6 0.06190476 0.06190476 0.06190476 0.06190476 0.06190476 0.06190476 0.06190476 0.06190476 0.06190476 0.05714286 0.05714286 0.05714286 0.05714286 0.05714286 0.05238095 0.05238095 0.05238095 0.05238095 0.05238095 
EGO 6 0.06190476 0.06190476 0.06190476 0.05714286 0.05714286 0.05714286 0.05714286 0.05714286 0.05714286 0.05714286 0.05714286 0.05714286 0.05714286 0.05714286 0.05714286 0.05714286 0.05714286 0.05714286 0.05714286 
TREGO 6 0.06190476 0.06190476 0.06190476 0.06190476 0.06190476 0.06190476 0.06190476 0.05714286 0.05714286 0.05714286 0.05714286 0.05714286 0.05714286 0.04285714 0.04285714 0.04285714 0.04285714 0.04285714 0.04285714 
RSO 7 0.06666667 0.05238095 0.05238095 0.05238095 0.05238095 0.05238095 0.05238095 0.05238095 0.05238095 0.05238095 0.05238095 0.05238095 0.05238095 0.05238095 0.05238095 0.05238095 0.05238095 0.05238095 0.05238095 
EGO 7 0.06666667 0.05714286 0.05714286 0.05714286 0.05714286 0.05714286 0.05714286 0.05714286 0.05714286 0.05238095 0.05238095 0.05238095 0.03809524 0.03809524 0.03809524 0.03809524 0.03809524 0.03809524 0.03809524 
TREGO 7 0.06666667 0.06190476 0.06190476 0.06190476 0.05238095 0.05238095 0.05238095 0.05238095 0.05238095 0.05238095 0.05238095 0.05238095 0.04761905 0.04761905 0.04761905 0.04761905 0.04761905 0.04761905 0.04761905 
RSO 8 0.06666667 0.06666667 0.06666667 0.06190476 0.05714286 0.05714286 0.05714286 0.05714286 0.05714286 0.05714286 0.05714286 0.05714286 0.05714286 0.05714286 0.05714286 0.05714286 0.05714286 0.05714286 0.05714286 
EGO 8 0.06666667 0.06666667 0.06666667 0.05714286 0.05714286 0.05714286 0.05714286 0.05238095 0.05238095 0.05238095 0.05238095 0.05238095 0.05238095 0.05238095 0.05238095 0.05238095 0.05238095 0.05238095 0.05238095 
TREGO 8 0.06666667 0.04761905 0.04761905 0.04761905 0.04761905 0.04761905 0.04761905 0.04761905 0.04761905 0.04761905 0.04761905 0.04761905 0.04761905 0.04761905 0.04761905 0.04761905 0.04761905 0.04761905 0.04761905 
RSO 9 0.05714286 0.05714286 0.05714286 0.05714286 0.05714286 0.05714286 0.05714286 0.05714286 0.05714286 0.05714286 0.05714286 0.05714286 0.05714286 0.05714286 0.05714286 0.05714286 0.05714286 0.05714286 0.05714286 
EGO 9 0.05714286 0.05714286 0.05714286 0.05714286 0.05714286 0.05714286 0.05714286 0.05714286 0.05714286 0.05714286 0.05714286 0.05714286 0.05714286 0.05714286 0.05714286 0.05714286 0.05714286 0.05714286 0.05714286 
TREGO 9 0.05714286 0.05714286 0.05714286 0.05714286 0.05714286 0.05714286 0.05714286 0.05714286 0.04761905 0.04761905 0.04761905 0.04761905 0.04761905 0.04761905 0.04761905 0.04285714 0.04285714 0.04285714 0.04285714 
RSO 10 0.07619048 0.07619048 0.05714286 0.05714286 0.05238095 0.04285714 0.04285714 0.04285714 0.04285714 0.04285714 0.04285714 0.04285714 0.04285714 0.04285714 0.04285714 0.04285714 0.04285714 0.04285714 0.04285714 
EGO 10 0.07619048 0.06666667 0.06190476 0.06190476 0.05238095 0.05238095 0.05238095 0.05238095 0.05238095 0.05238095 0.05238095 0.05238095 0.05238095 0.05238095 0.05238095 0.05238095 0.05238095 0.05238095 0.05238095 
TREGO 10 0.07619048 0.05714286 0.05714286 0.05714286 0.05714286 0.05714286 0.05714286 0.05714286 0.05714286 0.05714286 0.05714286 0.05714286 0.05238095 0.05238095 0.05238095 0.05238095 0.05238095 0.05238095 0.05238095 
RSO 11 0.06190476 0.06190476 0.06190476 0.05714286 0.04761905 0.04761905 0.04761905 0.04761905 0.04761905 0.04761905 0.04761905 0.04761905 0.04761905 0.04761905 0.04761905 0.04761905 0.04761905 0.04761905 0.03809524 
EGO 11 0.06190476 0.06190476 0.06190476 0.06190476 0.06190476 0.06190476 0.06190476 0.05714286 0.05714286 0.05714286 0.05714286 0.05714286 0.05714286 0.04761905 0.04761905 0.04761905 0.04761905 0.04761905 0.04761905 
TREGO 11 0.06190476 0.05714286 0.05714286 0.05238095 0.05238095 0.05238095 0.05238095 0.05238095 0.04285714 0.04285714 0.04285714 0.04285714 0.04285714 0.04285714 0.04285714 0.04285714 0.04285714 0.04285714 0.04285714 
RSO 12 0.06190476 0.06190476 0.06190476 0.06190476 0.06190476 0.05714286 0.05714286 0.05714286 0.05714286 0.05714286 0.05714286 0.05238095 0.05238095 0.05238095 0.04761905 0.04761905 0.04761905 0.04761905 0.04761905 
EGO 12 0.06190476 0.05714286 0.05714286 0.05714286 0.05238095 0.05238095 0.05238095 0.05238095 0.05238095 0.05238095 0.05238095 0.05238095 0.05238095 0.05238095 0.05238095 0.05238095 0.05238095 0.05238095 0.04285714 
TREGO 12 0.06190476 0.05714286 0.04285714 0.04285714 0.04285714 0.03809524 0.03809524 0.03809524 0.03809524 0.03809524 0.03809524 0.03809524 0.03809524 0.03809524 0.03809524 0.03809524 0.03809524 0.03809524 0.03809524 
RSO 13 0.06666667 0.06666667 0.06666667 0.06666667 0.06666667 0.06666667 0.06666667 0.06190476 0.04761905 0.04761905 0.04761905 0.04761905 0.04761905 0.04761905 0.04761905 0.04761905 0.04761905 0.04761905 0.04761905 
EGO 13 0.06666667 0.04285714 0.04285714 0.04285714 0.04285714 0.04285714 0.04285714 0.04285714 0.04285714 0.04285714 0.04285714 0.04285714 0.03809524 0.03809524 0.03809524 0.03809524 0.03809524 0.03809524 0.03809524 
TREGO 13 0.06666667 0.06190476 0.05714286 0.05238095 0.05238095 0.05238095 0.05238095 0.05238095 0.05238095 0.05238095 0.05238095 0.05238095 0.05238095 0.05238095 0.05238095 0.05238095 0.05238095 0.05238095 0.05238095 
RSO 14 0.07142857 0.07142857 0.07142857 0.06666667 0.06190476 0.05238095 0.05238095 0.05238095 0.05238095 0.05238095 0.04761905 0.04285714 0.04285714 0.04285714 0.04285714 0.04285714 0.04285714 0.04285714 0.04285714 
EGO 14 0.07142857 0.06190476 0.06190476 0.06190476 0.06190476 0.06190476 0.06190476 0.06190476 0.06190476 0.06190476 0.06190476 0.06190476 0.06190476 0.06190476 0.05238095 0.05238095 0.05238095 0.05238095 0.05238095 
TREGO 14 0.07142857 0.04761905 0.04761905 0.04761905 0.04761905 0.04761905 0.04761905 0.04761905 0.04761905 0.04761905 0.04761905 0.04761905 0.04761905 0.04761905 0.04761905 0.04761905 0.04761905 0.04761905 0.04761905 
RSO 15 0.07142857 0.06666667 0.06666667 0.06666667 0.05714286 0.05238095 0.05238095 0.05238095 0.05238095 0.05238095 0.05238095 0.05238095 0.05238095 0.05238095 0.05238095 0.05238095 0.05238095 0.05238095 0.05238095 
EGO 15 0.07142857 0.07142857 0.07142857 0.06190476 0.06190476 0.06190476 0.06190476 0.06190476 0.06190476 0.06190476 0.06190476 0.06190476 0.06190476 0.06190476 0.06190476 0.06190476 0.06190476 0.06190476 0.06190476 
TREGO 15 0.07142857 0.06666667 0.06666667 0.06666667 0.06190476 0.05714286 0.05714286 0.05714286 0.05714286 0.05714286 0.05714286 0.05714286 0.05714286 0.05714286 0.05714286 0.05714286 0.05714286 0.05714286 0.05714286 
RSO 16 0.08095238 0.08095238 0.08095238 0.06190476 0.06190476 0.05238095 0.05238095 0.05238095 0.05238095 0.05238095 0.05238095 0.05238095 0.05238095 0.05238095 0.05238095 0.05238095 0.05238095 0.05238095 0.05238095 
EGO 16 0.08095238 0.07142857 0.04285714 0.04285714 0.04285714 0.04285714 0.04285714 0.04285714 0.04285714 0.04285714 0.04285714 0.04285714 0.04285714 0.04285714 0.04285714 0.04285714 0.04285714 0.04285714 0.04285714 
TREGO 16 0.08095238 0.07619048 0.07142857 0.07142857 0.06666667 0.06190476 0.06190476 0.06190476 0.06190476 0.06190476 0.06190476 0.05238095 0.05238095 0.05238095 0.05238095 0.05238095 0.05238095 0.05238095 0.04761905 
RSO 17 0.05714286 0.05714286 0.05714286 0.05714286 0.05714286 0.05714286 0.05714286 0.05714286 0.05714286 0.05714286 0.05714286 0.05714286 0.05714286 0.05714286 0.05714286 0.05714286 0.05714286 0.05714286 0.05714286 
EGO 17 0.05714286 0.05714286 0.05714286 0.05714286 0.05714286 0.05714286 0.05714286 0.05714286 0.05714286 0.05238095 0.05238095 0.05238095 0.05238095 0.05238095 0.05238095 0.05238095 0.05238095 0.05238095 0.05238095 
TREGO 17 0.05714286 0.05714286 0.05714286 0.05714286 0.05714286 0.05714286 0.05714286 0.05238095 0.05238095 0.05238095 0.05238095 0.05238095 0.04761905 0.04761905 0.04761905 0.04761905 0.04761905 0.04761905 0.04761905 
RSO 18 0.07619048 0.06190476 0.06190476 0.06190476 0.06190476 0.06190476 0.05714286 0.05714286 0.05714286 0.05714286 0.05714286 0.04761905 0.04761905 0.04761905 0.04761905 0.04761905 0.04761905 0.04761905 0.04761905 
EGO 18 0.07619048 0.07142857 0.05238095 0.05238095 0.05238095 0.05238095 0.05238095 0.05238095 0.05238095 0.05238095 0.05238095 0.05238095 0.05238095 0.05238095 0.05238095 0.05238095 0.05238095 0.05238095 0.05238095 
TREGO 18 0.07619048 0.06666667 0.06666667 0.06190476 0.06190476 0.06190476 0.06190476 0.06190476 0.06190476 0.06190476 0.06190476 0.06190476 0.06190476 0.06190476 0.06190476 0.05714286 0.05714286 0.05714286 0.05714286 
RSO 19 0.07142857 0.06666667 0.06190476 0.06190476 0.05714286 0.05714286 0.05714286 0.05714286 0.05714286 0.05714286 0.05714286 0.05714286 0.05714286 0.05714286 0.05714286 0.05714286 0.05714286 0.05714286 0.05714286 
EGO 19 0.07142857 0.07142857 0.06190476 0.06190476 0.06190476 0.04761905 0.04761905 0.04761905 0.04761905 0.04761905 0.04761905 0.04761905 0.04761905 0.04761905 0.04761905 0.04761905 0.04761905 0.04761905 0.04761905 
TREGO 19 0.07142857 0.07142857 0.07142857 0.07142857 0.06190476 0.06190476 0.06190476 0.05714286 0.05714286 0.05714286 0.05714286 0.05714286 0.04761905 0.04761905 0.04285714 0.04285714 0.04285714 0.04285714 0.04285714 
RSO 20 0.05714286 0.05714286 0.04761905 0.04285714 0.04285714 0.04285714 0.04285714 0.04285714 0.04285714 0.04285714 0.04285714 0.04285714 0.04285714 0.04285714 0.04285714 0.04285714 0.04285714 0.04285714 0.04285714 
EGO 20 0.05714286 0.05714286 0.05714286 0.05714286 0.05714286 0.05714286 0.05714286 0.05714286 0.05714286 0.05714286 0.05714286 0.05714286 0.05714286 0.03809524 0.03809524 0.03809524 0.03809524 0.03809524 0.03809524 
TREGO 20 0.05714286 0.05714286 0.05714286 0.05238095 0.05238095 0.05238095 0.05238095 0.05238095 0.05238095 0.05238095 0.05238095 0.04761905 0.04761905 0.04761905 0.04761905 0.04761905 0.04761905 0.04761905 0.04761905 
