RSO 1 0.02254902 0.02254902 0.02222222 0.01666667 0.01666667 0.01666667 0.01666667 0.01666667 0.01666667 0.01666667 0.01666667 0.01666667 0.01666667 0.01111111 0.01111111 0.01111111 0.01111111 0.01111111 0.01111111 
EGO 1 0.02254902 0.01666667 0.01666667 0.01666667 0.01666667 0.01666667 0.01666667 0.01666667 0.01666667 0.01666667 0.01666667 0.01666667 0.01666667 0.01666667 0.01111111 0.01111111 0.01111111 0.01111111 0.01111111 
TREGO 1 0.02254902 0.02222222 0.02222222 0.01666667 0.01666667 0.01666667 0.01666667 0.01666667 0.01666667 0.01666667 0.01666667 0.01666667 0.01666667 0.01666667 0.01666667 0.01666667 0.01666667 0.01666667 0.01666667 
RSO 2 0.3990196 0.2630719 0.1405229 0.09019608 0.07843137 0.06797386 0.04477124 0.03333333 0.03333333 0.02810458 0.02810458 0.02810458 0.02287582 0.02287582 0.02287582 0.02254902 0.02222222 0.02222222 0.02222222 
EGO 2 0.3990196 0.2356209 0.09477124 0.06764706 0.04575163 0.03333333 0.03333333 0.02843137 0.02843137 0.02843137 0.02777778 0.02777778 0.02777778 0.02777778 0.02777778 0.02777778 0.02777778 0.02777778 0.02777778 
TREGO 2 0.3990196 0.01699346 0.01143791 0.01111111 0.01111111 0.01111111 0.01111111 0.01111111 0.01111111 0.01111111 0.01111111 0.01111111 0.01111111 0.01111111 0.01111111 0.01111111 0.01111111 0.01111111 0.01111111 
RSO 3 0.2130719 0.04509804 0.03366013 0.03366013 0.03333333 0.02777778 0.02287582 0.02287582 0.02287582 0.02287582 0.01666667 0.01111111 0.01111111 0.01111111 0.01111111 0.01111111 0.01111111 0.01111111 0.01111111 
EGO 3 0.2130719 0.04444444 0.01699346 0.01699346 0.01699346 0.01699346 0.01699346 0.01111111 0.01111111 0.01111111 0.01111111 0.01111111 0.01111111 0.01111111 0.01111111 0.01111111 0.01111111 0.01111111 0.01111111 
TREGO 3 0.2130719 0.02777778 0.02777778 0.02222222 0.02222222 0.01111111 0.01111111 0.01111111 0.01111111 0.01111111 0.01111111 0.01111111 0.01111111 0.01111111 0.01111111 0.01111111 0.01111111 0.01111111 0.01111111 
RSO 4 0.02843137 0.02254902 0.01111111 0.01111111 0.01111111 0.01111111 0.01111111 0.01111111 0.01111111 0.01111111 0.01111111 0.01111111 0.01111111 0.01111111 0.005555556 0.005555556 0.005555556 0.005555556 0.005555556 
EGO 4 0.02843137 0.02843137 0.01666667 0.01666667 0.01666667 0.01666667 0.01666667 0.01666667 0.01111111 0.01111111 0.01111111 0.01111111 0.01111111 0.01111111 0.01111111 0.01111111 0.01111111 0.01111111 0.01111111 
TREGO 4 0.02843137 0.01699346 0.01666667 0.01666667 0.01666667 0.01666667 0.01111111 0.01111111 0.01111111 0.01111111 0.01111111 0.01111111 0.01111111 0.01111111 0.01111111 0.01111111 0.01111111 0.01111111 0.01111111 
RSO 5 0.06666667 0.01666667 0.01666667 0.01666667 0.01666667 0.01143791 0.01143791 0.01143791 0.01143791 0.01143791 0.01143791 0.01143791 0.01143791 0.01143791 0.01143791 0.01143791 0.01143791 0.01143791 0.01143791 
EGO 5 0.06666667 0.01699346 0.01143791 0.01143791 0.01143791 0.01143791 0.01143791 0.01111111 0.01111111 0.01111111 0.01111111 0.01111111 0.01111111 0.01111111 0.01111111 0.01111111 0.01111111 0.01111111 0.01111111 
TREGO 5 0.06666667 0.01111111 0.01111111 0.01111111 0.01111111 0.01111111 0.01111111 0.01111111 0.01111111 0.01111111 0.01111111 0.01111111 0.01111111 0.01111111 0.01111111 0.01111111 0.01111111 0.01111111 0.01111111 
RSO 6 0.03431373 0.01699346 0.01666667 0.01666667 0.01666667 0.01666667 0.01666667 0.01666667 0.01666667 0.01666667 0.01666667 0.01666667 0.01666667 0.01666667 0.01666667 0.01666667 0.01666667 0.01666667 0.01666667 
EGO 6 0.03431373 0.02287582 0.02222222 0.02222222 0.01699346 0.01699346 0.01699346 0.01699346 0.01699346 0.01699346 0.01699346 0.01699346 0.01699346 0.01111111 0.01111111 0.01111111 0.01111111 0.01111111 0.01111111 
TREGO 6 0.03431373 0.02222222 0.02222222 0.01666667 0.01666667 0.01143791 0.01143791 0.01143791 0.01143791 0.01143791 0.01143791 0.01143791 0.01143791 0.01143791 0.01111111 0.01111111 0.01111111 0.01111111 0.01111111 
RSO 7 0.02843137 0.02843137 0.01666667 0.01111111 0.01111111 0.01111111 0.01111111 0.01111111 0.01111111 0.01111111 0.01111111 0.01111111 0.01111111 0.01111111 0.01111111 0.01111111 0.01111111 0.01111111 0.01111111 
EGO 7 0.02843137 0.01143791 0.01143791 0.01143791 0.01143791 0.01143791 0.01143791 0.01143791 0.01143791 0.01111111 0.01111111 0.01111111 0.01111111 0.01111111 0.01111111 0.01111111 0.01111111 0.01111111 0.01111111 
TREGO 7 0.02843137 0.02287582 0.01666667 0.01143791 0.01143791 0.01143791 0.01143791 0.01143791 0.01143791 0.01143791 0.01143791 0.01143791 0.01143791 0.01143791 0.01111111 0.01111111 0.01111111 0.01111111 0.01111111 
RSO 8 0.09117647 0.02222222 0.02222222 0.02222222 0.02222222 0.01699346 0.01699346 0.01699346 0.01699346 0.01699346 0.01699346 0.01699346 0.01699346 0.01111111 0.01111111 0.01111111 0.01111111 0.01111111 0.01111111 
EGO 8 0.09117647 0.03333333 0.01666667 0.01666667 0.01666667 0.01666667 0.01666667 0.01666667 0.01666667 0.01666667 0.01666667 0.01666667 0.01666667 0.01666667 0.01666667 0.01666667 0.01666667 0.01111111 0.01111111 
TREGO 8 0.09117647 0.02777778 0.02222222 0.01666667 0.01666667 0.01666667 0.01666667 0.01666667 0.01666667 0.01111111 0.01111111 0.01111111 0.01111111 0.01111111 0.01111111 0.01111111 0.01111111 0.01111111 0.01111111 
RSO 9 0.5163399 0.04444444 0.02254902 0.02254902 0.02254902 0.01143791 0.01143791 0.01143791 0.01143791 0.01143791 0.01143791 0.01143791 0.01143791 0.01143791 0.01143791 0.01143791 0.01143791 0.01143791 0.01143791 
EGO 9 0.5163399 0.2872549 0.01699346 0.01111111 0.01111111 0.01111111 0.01111111 0.01111111 0.01111111 0.01111111 0.01111111 0.01111111 0.01111111 0.01111111 0.01111111 0.01111111 0.01111111 0.01111111 0.01111111 
TREGO 9 0.5163399 0.4996732 0.02254902 0.02254902 0.01666667 0.01666667 0.01666667 0.01666667 0.01666667 0.01666667 0.01666667 0.01666667 0.01666667 0.01666667 0.01143791 0.01143791 0.01111111 0.01111111 0.01111111 
RSO 10 0.2921569 0.02222222 0.02222222 0.02222222 0.02222222 0.01666667 0.01666667 0.01666667 0.01666667 0.01666667 0.01666667 0.01666667 0.01666667 0.01666667 0.01666667 0.01666667 0.01666667 0.01111111 0.01111111 
EGO 10 0.2921569 0.02777778 0.02222222 0.02222222 0.02222222 0.01111111 0.01111111 0.01111111 0.01111111 0.01111111 0.01111111 0.01111111 0.01111111 0.01111111 0.01111111 0.01111111 0.01111111 0.01111111 0.01111111 
TREGO 10 0.2921569 0.02254902 0.02254902 0.02254902 0.01699346 0.01699346 0.01666667 0.01666667 0.01666667 0.01666667 0.01666667 0.01666667 0.01666667 0.01111111 0.01111111 0.01111111 0.01111111 0.01111111 0.01111111 
RSO 11 0.05620915 0.01666667 0.01143791 0.01143791 0.01143791 0.01143791 0.01143791 0.01143791 0.01143791 0.01143791 0.01143791 0.01143791 0.01143791 0.01143791 0.01111111 0.01111111 0.01111111 0.01111111 0.01111111 
EGO 11 0.05620915 0.02777778 0.01732026 0.01666667 0.01666667 0.01666667 0.01666667 0.01666667 0.01666667 0.01666667 0.01666667 0.01666667 0.01111111 0.01111111 0.01111111 0.01111111 0.01111111 0.01111111 0.01111111 
TREGO 11 0.05620915 0.02222222 0.01666667 0.01666667 0.01111111 0.01111111 0.01111111 0.01111111 0.01111111 0.01111111 0.01111111 0.01111111 0.01111111 0.01111111 0.01111111 0.01111111 0.01111111 0.01111111 0.01111111 
RSO 12 0.4218954 0.4218954 0.01666667 0.01666667 0.01111111 0.01111111 0.01111111 0.01111111 0.01111111 0.01111111 0.01111111 0.01111111 0.01111111 0.01111111 0.01111111 0.01111111 0.01111111 0.01111111 0.01111111 
EGO 12 0.4218954 0.1856209 0.01111111 0.01111111 0.01111111 0.01111111 0.01111111 0.01111111 0.01111111 0.01111111 0.01111111 0.01111111 0.01111111 0.01111111 0.01111111 0.01111111 0.01111111 0.01111111 0.01111111 
TREGO 12 0.4218954 0.4218954 0.1343137 0.06732026 0.02287582 0.02254902 0.01111111 0.01111111 0.01111111 0.01111111 0.01111111 0.01111111 0.01111111 0.01111111 0.01111111 0.01111111 0.01111111 0.01111111 0.01111111 
RSO 13 0.02222222 0.02222222 0.01699346 0.01143791 0.01143791 0.01111111 0.01111111 0.01111111 0.01111111 0.01111111 0.01111111 0.01111111 0.01111111 0.01111111 0.01111111 0.01111111 0.01111111 0.01111111 0.01111111 
EGO 13 0.02222222 0.01699346 0.01699346 0.01699346 0.01699346 0.01666667 0.01666667 0.01666667 0.01666667 0.01666667 0.01666667 0.01666667 0.01666667 0.01666667 0.01666667 0.01111111 0.01111111 0.01111111 0.01111111 
TREGO 13 0.02222222 0.01699346 0.01699346 0.01699346 0.01666667 0.01111111 0.01111111 0.01111111 0.01111111 0.01111111 0.01111111 0.01111111 0.01111111 0.01111111 0.01111111 0.01111111 0.01111111 0.01111111 0.01111111 
RSO 14 0.224183 0.01666667 0.01666667 0.01666667 0.01666667 0.01666667 0.01666667 0.01666667 0.01666667 0.01666667 0.01666667 0.01666667 0.01666667 0.01666667 0.01666667 0.01666667 0.01666667 0.01666667 0.01666667 
EGO 14 0.224183 0.01666667 0.01666667 0.01666667 0.01666667 0.01666667 0.01666667 0.01666667 0.01666667 0.01666667 0.01666667 0.01666667 0.01666667 0.01666667 0.01666667 0.01666667 0.01666667 0.01666667 0.01666667 
TREGO 14 0.224183 0.01666667 0.01666667 0.01666667 0.01666667 0.01666667 0.01111111 0.01111111 0.01111111 0.01111111 0.01111111 0.01111111 0.01111111 0.01111111 0.01111111 0.01111111 0.01111111 0.01111111 0.01111111 
RSO 15 0.01666667 0.01666667 0.01111111 0.01111111 0.01111111 0.01111111 0.01111111 0.01111111 0.01111111 0.01111111 0.01111111 0.01111111 0.01111111 0.01111111 0.01111111 0.01111111 0.01111111 0.01111111 0.01111111 
EGO 15 0.01666667 0.01666667 0.01666667 0.01666667 0.01666667 0.01666667 0.01666667 0.01666667 0.01666667 0.01666667 0.01666667 0.01666667 0.01666667 0.01666667 0.01666667 0.01666667 0.01666667 0.01666667 0.01666667 
TREGO 15 0.01666667 0.01666667 0.01666667 0.01666667 0.01666667 0.01666667 0.01666667 0.01666667 0.01666667 0.01666667 0.01666667 0.01666667 0.01666667 0.01666667 0.01666667 0.01666667 0.01666667 0.01666667 0.01666667 
RSO 16 0.5287582 0.2686275 0.01666667 0.01666667 0.01666667 0.01666667 0.01666667 0.01111111 0.01111111 0.01111111 0.01111111 0.01111111 0.01111111 0.01111111 0.01111111 0.01111111 0.01111111 0.01111111 0.01111111 
EGO 16 0.5287582 0.4362745 0.4323529 0.03954248 0.03954248 0.03954248 0.03954248 0.03398693 0.02777778 0.02777778 0.02222222 0.02222222 0.02222222 0.02222222 0.02222222 0.02222222 0.01666667 0.01111111 0.01111111 
TREGO 16 0.5287582 0.2473856 0.04509804 0.02843137 0.02843137 0.01699346 0.01666667 0.01666667 0.01666667 0.01666667 0.01666667 0.01666667 0.01666667 0.01666667 0.01666667 0.01666667 0.01666667 0.01666667 0.01666667 
RSO 17 0.2316993 0.02222222 0.02222222 0.02222222 0.02222222 0.02222222 0.02222222 0.02222222 0.02222222 0.02222222 0.02222222 0.01699346 0.01111111 0.01111111 0.01111111 0.01111111 0.01111111 0.01111111 0.01111111 
EGO 17 0.2316993 0.04509804 0.01699346 0.01111111 0.01111111 0.01111111 0.01111111 0.01111111 0.01111111 0.01111111 0.01111111 0.01111111 0.01111111 0.01111111 0.01111111 0.01111111 0.01111111 0.01111111 0.01111111 
TREGO 17 0.2316993 0.02222222 0.02222222 0.02222222 0.02222222 0.01666667 0.01666667 0.01111111 0.01111111 0.01111111 0.01111111 0.01111111 0.01111111 0.01111111 0.01111111 0.01111111 0.01111111 0.01111111 0.01111111 
RSO 18 0.09542484 0.09542484 0.03366013 0.01111111 0.01111111 0.01111111 0.01111111 0.01111111 0.01111111 0.01111111 0.01111111 0.01111111 0.01111111 0.01111111 0.01111111 0.01111111 0.01111111 0.01111111 0.01111111 
EGO 18 0.09542484 0.01111111 0.01111111 0.01111111 0.01111111 0.01111111 0.01111111 0.01111111 0.01111111 0.01111111 0.01111111 0.01111111 0.01111111 0.01111111 0.01111111 0.01111111 0.01111111 0.01111111 0.01111111 
TREGO 18 0.09542484 0.04444444 0.02875817 0.02222222 0.02222222 0.01699346 0.01666667 0.01666667 0.01111111 0.01111111 0.01111111 0.01111111 0.01111111 0.01111111 0.01111111 0.01111111 0.01111111 0.01111111 0.01111111 
RSO 19 0.1176471 0.02222222 0.01732026 0.01666667 0.01111111 0.01111111 0.01111111 0.01111111 0.01111111 0.01111111 0.01111111 0.01111111 0.01111111 0.01111111 0.01111111 0.01111111 0.01111111 0.01111111 0.01111111 
EGO 19 0.1176471 0.05098039 0.01143791 0.01143791 0.01143791 0.01143791 0.01143791 0.01143791 0.01143791 0.01143791 0.01143791 0.01143791 0.01143791 0.01143791 0.01143791 0.01143791 0.01143791 0.01143791 0.01143791 
TREGO 19 0.1176471 0.02843137 0.02843137 0.02843137 0.01666667 0.01111111 0.01111111 0.01111111 0.01111111 0.01111111 0.01111111 0.01111111 0.01111111 0.01111111 0.01111111 0.01111111 0.01111111 0.01111111 0.01111111 
RSO 20 0.02254902 0.01111111 0.01111111 0.01111111 0.01111111 0.01111111 0.01111111 0.01111111 0.01111111 0.01111111 0.01111111 0.01111111 0.01111111 0.01111111 0.01111111 0.01111111 0.01111111 0.01111111 0.01111111 
EGO 20 0.02254902 0.01666667 0.01666667 0.01111111 0.01111111 0.01111111 0.01111111 0.01111111 0.01111111 0.01111111 0.01111111 0.01111111 0.01111111 0.01111111 0.01111111 0.01111111 0.01111111 0.01111111 0.01111111 
TREGO 20 0.02254902 0.02254902 0.02254902 0.02222222 0.01666667 0.01666667 0.01143791 0.01143791 0.01143791 0.01143791 0.01143791 0.01143791 0.01143791 0.01143791 0.01143791 0.01111111 0.01111111 0.01111111 0.01111111 
